0    0.0005178963355661847
1.01e7    0.0005227774921581185
1.02e7    0.0005271305502852098
1.03e7    0.0005337904364004935
1.04e7    0.0005384342546157259
1.05e7    0.0005463014238700673
1.06e7    0.0005569228087847427
1.07e7    0.0005657065791075935
1.08e7    0.0005746829145561056
1.09e7    0.0005817609037073443
1.1e7    0.0005933708844128706
1.11e7    0.0006062212800819474
1.12e7    0.0006179687894325424
1.13e7    0.0006313842802290388
1.14e7    0.0006416981947579395
1.15e7    0.0006521133648658766
1.16e7    0.0006638353131777181
1.17e7    0.0006770799315654974
1.18e7    0.000685898023647947
1.19e7    0.0006990236549814882
1.2e7    0.0007132934667264697
1.21e7    0.0007203709941284658
1.22e7    0.0007394147024658024
1.23e7    0.0007527188735042607
1.24e7    0.0007659051123822087
1.25e7    0.0007823360999024302
1.26e7    0.0008013706831690318
1.27e7    0.0008166582062149438
1.28e7    0.0008325165169664574
1.29e7    0.0008505254485708651
1.3e7    0.0008657988411865555
1.31e7    0.000888497654194918
1.32e7    0.0009068718314806135
1.33e7    0.0009230687976953177
1.34e7    0.0009456088962542148
1.35e7    0.0009624942106799219
1.36e7    0.0009739180121280584
1.37e7    0.0009941610476277524
1.38e7    0.001015340235953326
1.39e7    0.0010276253978687888
1.4e7    0.0010449571630390421
1.41e7    0.0010651149142846949
1.42e7    0.001088877608286592
1.43e7    0.0010975532964371333
1.44e7    0.001113923815598584
1.45e7    0.0011259898144527429
1.46e7    0.001139509190738308
1.47e7    0.0011561457939430247
1.48e7    0.0011755037898597942
1.49e7    0.001191839150501454
1.5e7    0.0012079573467286308
1.51e7    0.001226031394528035
1.52e7    0.0012371377904381474
1.53e7    0.0012510513672912354
1.54e7    0.0012673302874694696
1.55e7    0.001280787592275871
1.56e7    0.0012935838869823524
1.57e7    0.0013123368362439882
1.58e7    0.0013277817310355727
1.59e7    0.0013529998775121356
1.6e7    0.0013644978906999685
1.61e7    0.0013776159915340586
1.62e7    0.0013902907126937313
1.63e7    0.001411975869066435
1.64e7    0.0014241075524611848
1.65e7    0.0014429217182776908
1.66e7    0.0014632449001444772
1.67e7    0.0014840351781733481
1.68e7    0.001502133791199182
1.69e7    0.0015264780884528453
1.7e7    0.001540531053713638
1.71e7    0.001559568989638489
1.72e7    0.0015775704141532706
1.73e7    0.001587384494765193
1.74e7    0.0016098447203312513
1.75e7    0.0016269522092493473
1.76e7    0.0016443032597172988
1.77e7    0.0016632321148074343
1.78e7    0.00168133754503047
1.79e7    0.0016881842162734728
1.8e7    0.001701531822873564
1.81e7    0.0017242247411625004
1.82e7    0.0017319413453944304
1.83e7    0.0017465046496235263
1.84e7    0.001758849528318514
1.85e7    0.0017792216451120691
1.86e7    0.0017951038927320024
1.87e7    0.001810045623206453
1.88e7    0.001829257411281328
1.89e7    0.0018549808818842726
1.9e7    0.001873159259328698
1.91e7    0.0018936760460931768
1.92e7    0.001909473305779011
1.93e7    0.0019250712274280599
1.94e7    0.0019469277831568744
1.95e7    0.0019626958552695804
1.96e7    0.001984826337138852
1.97e7    0.002002146598305585
1.98e7    0.0020263377134153424
1.99e7    0.0020401324748793447
2.e7    0.0020589676808887513