0    0.0004855278145932981
119.10666796355508    0.00048552848693752735
119.10666796355508    0.00048552848693752735
100119.10666796356    0.0004906841720231575
124642.8543671947    0.0004918360063107506
124642.8543671947    0.000491765799275453
124642.8543671947    0.00048745374159118483
224642.8543671947    0.000493135339971556
324642.8543671947    0.000498046499919908
424642.8543671947    0.000503020218461057
451295.7670422066    0.000505495466458037
451295.7670422066    0.000505488564286409
451295.7670422066    0.0005008452460880875
487446.6500490182    0.0005040181735731554
487446.6500490182    0.0005040181735731554
587446.6500490182    0.000514579230840133
601606.3773931987    0.000515931517319415
601606.3773931987    0.0005171789617607339
601606.3773931987    0.0005117916325106983
601606.3773931987    0.0005169019746018975
682192.1563783167    0.0005169019746018975
682192.1563783167    0.0005167839956909222
682192.1563783167    0.0005123962764824717
739265.5198665652    0.0005168176117149865
739265.5198665652    0.0005168176117149865
739265.5198665652    0.0005200248895053616
813269.3385870545    0.0005200248895053616
813269.3385870545    0.0005200248895053616
813269.3385870545    0.0005254116587656694
913269.3385870545    0.0005254116587656694
913269.3385870545    0.0005242748763091017
940757.7952446532    0.0005242748763091017
940757.7952446532    0.0005242748763091017
940757.7952446532    0.0005213079776767269
950819.3070482262    0.0005213079776767269
950819.3070482262    0.0005213079776767269
950819.3070482262    0.0005210924033270475
984415.8500722488    0.0005210924033270475
984415.8500722488    0.0005210924033270475
984415.8500722488    0.0005179397093842883
986808.6967275483    0.0005179397093842883
986808.6967275483    0.0005182255079723757
986808.6967275483    0.0005153787120049135
986808.6967275483    0.0005157690763678465
1.0501904372339514e6    0.0005157690763678465
1.0501904372339514e6    0.0005157690763678465
1.0501904372339514e6    0.0005135434168657509
1.0501904372339514e6    0.0005194364297940745
1.145612122725593e6    0.0005194364297940745
1.145612122725593e6    0.0005192445678019169
1.145612122725593e6    0.0005164332784182102
1.145612122725593e6    0.0005238890435391049
1.244024076653088e6    0.0005238890435391049
1.244024076653088e6    0.0005237145198869863
1.244024076653088e6    0.0005207382917076041
1.244024076653088e6    0.0005259101339886519
1.344024076653088e6    0.0005259101339886519
1.344024076653088e6    0.0005337666213991909
1.444024076653088e6    0.0005337666213991909
1.444024076653088e6    0.0005406701795522881
1.544024076653088e6    0.0005406701795522881
1.544024076653088e6    0.0005370533210187778
1.5489959789887224e6    0.0005370533210187778
1.5489959789887224e6    0.0005370533210187778
1.5489959789887224e6    0.000534271570326368
1.5507635208910052e6    0.000534271570326368
1.5507635208910052e6    0.000534271570326368
1.5507635208910052e6    0.000533565936569159
1.56137312538262e6    0.000533565936569159
1.56137312538262e6    0.0005337252795552551
1.56137312538262e6    0.0005327547814335785
1.56137312538262e6    0.0005407860588573711
1.6361468806856712e6    0.0005407860588573711
1.6361468806856712e6    0.0005407860588573711
1.6361468806856712e6    0.0005402506835204795
1.6721306692223367e6    0.0005402506835204795
1.6721306692223367e6    0.0005402506835204795
1.6721306692223367e6    0.0005449039820955417
1.7435118517892365e6    0.0005449039820955417
1.7435118517892365e6    0.0005449039820955417
1.7435118517892365e6    0.0005450360456611111
1.7710596539111007e6    0.0005450360456611111
1.7710596539111007e6    0.0005450360456611111
1.7710596539111007e6    0.0005582488759222434
1.8710596539111007e6    0.0005582488759222434
1.8710596539111007e6    0.0005578617484114077
1.918574739306599e6    0.0005578617484114077
1.918574739306599e6    0.0005578864937976153
1.918574739306599e6    0.0005537852568800823
1.918574739306599e6    0.0005573820469305894
2.e6    0.0005573820469305894