0.297588  -0.107123  -0.0842437
0.0236748  0.0270433  -0.254039
0.0415351  0.244158  -0.352281
0.121441  0.334728  -0.460631
0.42662  0.297334  -0.436255
0.580748  0.207366  -0.350848
0.565186  0.186  -0.32753
0.534311  0.183416  -0.320618
0.520862  0.1919  -0.321551
0.532412  0.203789  -0.326384
0.554933  0.213108  -0.331149
0.570962  0.221386  -0.336254
0.580964  0.229937  -0.341196
0.588562  0.238668  -0.346016
0.59531  0.247708  -0.350697
0.602107  0.25706  -0.355519
0.609278  0.266488  -0.360395
0.616477  0.275838  -0.365168
0.623369  0.2851  -0.369756
0.629983  0.294296  -0.374132
0.636423  0.303411  -0.378277
0.642619  0.312447  -0.382199
0.649154  0.321472  -0.385935
0.657102  0.330145  -0.38949
0.664217  0.338432  -0.392228
0.66875  0.346983  -0.394836
0.672171  0.355565  -0.397474
0.675893  0.364225  -0.400056
0.684741  0.373247  -0.402727
0.701347  0.381001  -0.404269
0.710152  0.387285  -0.40387
0.714103  0.394206  -0.403725
0.717182  0.401219  -0.403639
0.72022  0.408117  -0.403543
0.724048  0.415023  -0.403395
0.729996  0.42187  -0.403112
0.738788  0.428379  -0.402714
0.748297  0.434224  -0.400896
0.756243  0.439782  -0.39867
0.763874  0.445067  -0.396725
0.771548  0.450068  -0.393976
0.779333  0.454761  -0.390943
0.787353  0.459164  -0.387778
0.795468  0.463153  -0.383702
0.803872  0.46688  -0.379826
0.813153  0.47019  -0.375442
0.821305  0.472938  -0.370063
0.829983  0.475663  -0.364699
0.849124  0.478626  -0.35806
0.862879  0.479447  -0.34966
0.851513  0.479353  -0.34652
0.819732  0.478655  -0.341353
0.733589  0.477061  -0.334359
0.551754  0.474543  -0.324679
0.26897  0.471151  -0.309806
0.0818606  0.471248  -0.306995
0.0177525  0.47117  -0.305285
0.00176876  0.4707  -0.303949
1.25683e-08  0.465534  -0.2999
1.24259e-08  0.180476  -0.0568586
1.22895e-08  0.157155  -0.0375951
1.21588e-08  0.153317  -0.0352073
1.20336e-08  0.149682  -0.03316
1.19137e-08  0.145862  -0.0311351
1.17989e-08  0.141845  -0.0291317
1.16889e-08  0.137644  -0.0271554
1.15836e-08  0.133264  -0.0252112
1.14829e-08  0.128709  -0.0233045
1.13864e-08  0.123982  -0.0214402
1.12942e-08  0.119088  -0.0196237
1.12061e-08  0.114033  -0.0178598
1.11218e-08  0.108822  -0.0161534
1.10414e-08  0.103461  -0.0145094
1.09646e-08  0.0979544  -0.0129324
1.08914e-08  0.0923102  -0.0114269
1.08216e-08  0.0865344  -0.00999718
1.07552e-08  0.0806341  -0.00864754
1.0692e-08  0.0746164  -0.00738199
1.06321e-08  0.0684887  -0.00620439
1.05752e-08  0.0622589  -0.00511828
1.05214e-08  0.0559377  -0.00412802
1.04705e-08  0.0495379  -0.00323748
1.04226e-08  0.0430692  -0.00244932
1.03774e-08  0.0365382  -0.0017659
1.0335e-08  0.0299529  -0.00118988
1.02953e-08  0.0233235  -0.000724024
1.02583e-08  0.0166599  -0.000371064
1.02239e-08  0.00993733  -0.000132728
1.01921e-08  0.00327394  -1.45885e-05
1.01628e-08  0.000378438  -0.000124441
1.01361e-08  0.000347174  -0.000203145
1.01118e-08  0.000316382  0.000254414
1.009e-08  0.000283961  -0.000294303
1.00705e-08  0.000251868  -0.000325817
1.00535e-08  0.000219482  -0.000351431
1.00389e-08  0.000188469  0.000371805
1.00266e-08  0.000153751  -0.000389079
1.00166e-08  0.000120218  -0.000402284
1.0009e-08  8.59454e-05  -0.000412177
1.00037e-08  4.94702e-05  -0.00042089
1.00007e-08  5.28813e-06  0.000332886
1e-08  0.000178464  -0.000492135
1.00017e-08  -4.85871e-05  0.000413809
1.00057e-08  -6.95482e-05  0.000416146
1.00119e-08  -0.000103223  0.000407989
1.00205e-08  -0.000136243  0.000396739
1.00315e-08  -0.000168987  0.000382087
1.00448e-08  -0.000201493  0.000363668
1.00604e-08  -0.000233762  0.00034094
1.00785e-08  -0.000265792  0.000313046
1.00989e-08  -0.000296765  -0.000279053
1.01218e-08  -0.000328416  -0.000235273
1.01471e-08  -0.000360103  0.000175156
1.0175e-08  -0.000390965  6.2508e-05
1.02053e-08  -0.00595307  -4.79087e-05
1.02382e-08  -0.0126236  -0.000213155
1.02737e-08  -0.0192516  -0.000492601
1.03118e-08  -0.0258657  -0.000884487
1.03527e-08  -0.0324631  -0.00138713
1.03962e-08  -0.0390421  -0.00199991
1.04426e-08  -0.0455989  -0.00272217
1.04918e-08  -0.052149  -0.00355781
1.05439e-08  -0.0587331  -0.00451841
1.0599e-08  -0.0654933  -0.00564312
1.06572e-08  -0.0724842  -0.00696927
1.07184e-08  -0.0796106  -0.00854286
1.0783e-08  -0.0894706  -0.0116961
1.08508e-08  -0.122401  -0.0280431
1.0922e-08  -0.195103  -0.0743178
1.09967e-08  -0.233799  -0.102617
1.10751e-08  -0.243501  -0.11127
1.11571e-08  -0.245629  -0.114487
1.1243e-08  -0.24628  -0.116731
1.13329e-08  -0.246555  -0.11877
1.14269e-08  -0.246927  -0.120715
1.15251e-08  -0.247177  -0.122554
1.16278e-08  -0.247145  -0.124275
1.1735e-08  -0.24688  -0.125895
1.1847e-08  -0.246574  -0.12747
1.1964e-08  -0.246658  -0.129321
1.20861e-08  -0.251659  -0.135787
1.22136e-08  -0.317795  -0.19881
2.06518e-08  -0.548795  -0.423404
2.56621e-08  -0.627405  -0.521484
2.51372e-08  -0.658569  -0.564954
2.19534e-08  -0.711289  -0.635597
1.75831e-08  -0.706823  -0.66681
1.66628e-08  -0.698443  -0.683926
1.62842e-08  -0.693706  -0.703403
1.56719e-08  -0.687529  -0.720961
1.52327e-08  -0.677891  -0.728662
1.50567e-08  -0.668232  -0.736704
1.49737e-08  -0.658285  -0.744296
1.49212e-08  -0.648017  -0.751622
1.48696e-08  -0.637411  -0.758673
1.47711e-08  -0.626547  -0.764435
1.45384e-08  -0.615231  -0.768451
1.41122e-08  -0.603065  -0.771267
1.34537e-08  -0.589861  -0.773688
1.24001e-08  -0.575277  -0.776425
1.05802e-08  -0.557785  -0.780153
8.4277e-09  -0.54628  -0.774725
6.72222e-09  -0.532516  -0.763332
5.63654e-09  -0.515835  -0.747335
5.06761e-09  -0.497225  -0.727852
4.85962e-09  -0.477971  -0.707109
4.86933e-09  -0.459406  -0.687352
4.97773e-09  -0.44276  -0.67024
5.12641e-09  -0.427172  -0.653726
5.3169e-09  -0.412287  -0.636258
5.55913e-09  -0.39828  -0.617398
5.85985e-09  -0.385044  -0.597113
6.23386e-09  -0.371459  -0.575113
6.8102e-09  -0.354744  -0.545272
8.39175e-09  -0.334444  -0.501086
1.41836e-08  -0.31447  -0.453007
3.56895e-08  -0.301183  -0.425971
1.1158e-07  -0.293712  -0.419096
3.58952e-07  -0.288754  -0.420286
1.06409e-06  -0.284356  -0.426386
2.03942e-06  -0.27569  -0.444935
2.59896e-06  -0.270198  -0.454721
2.74093e-06  -0.266725  -0.459868
2.08148e-06  -0.258037  -0.480322
8.89834e-07  -0.252275  -0.496379
2.70064e-07  -0.245417  -0.497374
6.80961e-08  -0.229359  -0.469771
2.2086e-08  -0.185551  -0.36278
1.44058e-08  -0.131552  -0.237624
1.1447e-08  -0.0988243  -0.174293
3.96765e-09  -0.0595342  -0.114316
2.74722e-07  0.265946  0.481681
2.99534e-05  0.257325  0.433102
0.00240056  0.242826  0.370163
0.110439  0.217768  0.307859
0.802065  0.132256  0.234147
