0.00425635  -0.0818976  0.0516387
2.53775e-05  0.429954  0.571691
1.15282e-06  0.633145  0.504906
1.19694e-07  0.918362  0.854819
1.01327e-07  0.992064  0.970357
8.78637e-08  1.01164  0.988783
7.75747e-08  1.01053  0.987729
6.94572e-08  1.00797  0.985013
6.28908e-08  1.00529  0.982228
5.74708e-08  1.00317  0.98001
5.29222e-08  1.00142  0.978181
4.90513e-08  0.999954  0.97664
4.57179e-08  0.9987  0.975321
4.2818e-08  0.997616  0.97418
4.02728e-08  0.996669  0.973185
3.80216e-08  0.995832  0.972308
3.60165e-08  0.995087  0.971532
3.42199e-08  0.994418  0.970839
3.26012e-08  0.993813  0.970219
3.11356e-08  0.993261  0.96966
2.98026e-08  0.992755  0.969154
2.85855e-08  0.992288  0.968696
2.747e-08  0.991854  0.968278
2.64441e-08  0.991448  0.967897
2.54978e-08  0.991067  0.967548
2.46224e-08  0.990707  0.967229
2.38105e-08  0.990365  0.966936
2.30555e-08  0.990039  0.966667
2.23519e-08  0.989726  0.966419
2.16949e-08  0.989425  0.966191
2.10802e-08  0.989134  0.965981
2.05039e-08  0.988851  0.965787
1.99628e-08  0.988576  0.965609
1.94539e-08  0.988307  0.965446
1.89746e-08  0.988043  0.965295
1.85225e-08  0.987783  0.965157
1.80955e-08  0.987526  0.96503
1.76918e-08  0.987272  0.964915
1.73097e-08  0.987021  0.964809
1.69475e-08  0.98677  0.964714
1.66039e-08  0.986521  0.964627
1.62777e-08  0.986273  0.964549
1.59676e-08  0.986025  0.964479
1.56728e-08  0.985776  0.964418
1.53921e-08  0.985527  0.964363
1.51247e-08  0.985278  0.964316
1.48698e-08  0.985027  0.964276
1.46267e-08  0.984775  0.964243
1.43947e-08  0.984522  0.964215
1.41732e-08  0.984267  0.964194
1.39615e-08  0.98401  0.964179
1.37593e-08  0.983752  0.96417
1.35659e-08  0.983491  0.964166
1.33809e-08  0.983229  0.964168
1.32039e-08  0.982964  0.964175
1.30345e-08  0.982697  0.964186
1.28723e-08  0.982428  0.964203
1.2717e-08  0.982157  0.964225
1.25683e-08  0.981883  0.964251
1.24259e-08  0.981607  0.964282
1.22895e-08  0.981329  0.964317
1.21588e-08  0.981048  0.964357
1.20336e-08  0.980765  0.964401
1.19137e-08  0.98048  0.96445
1.17989e-08  0.980192  0.964502
1.16889e-08  0.979902  0.964558
1.15836e-08  0.97961  0.964619
1.14829e-08  0.979316  0.964683
1.13864e-08  0.979021  0.964751
1.12942e-08  0.978723  0.964823
1.12061e-08  0.978423  0.964899
1.11218e-08  0.978121  0.964978
1.10414e-08  0.977818  0.965061
1.09646e-08  0.977513  0.965147
1.08914e-08  0.977207  0.965237
1.08216e-08  0.9769  0.96533
1.07552e-08  0.976591  0.965426
1.0692e-08  0.976281  0.965526
1.06321e-08  0.97597  0.965629
1.05752e-08  0.975658  0.965735
1.05214e-08  0.975345  0.965845
1.04705e-08  0.975031  0.965957
1.04226e-08  0.974718  0.966073
1.03774e-08  0.974403  0.966192
1.0335e-08  0.974089  0.966313
1.02953e-08  0.973774  0.966438
1.02583e-08  0.973459  0.966566
1.02239e-08  0.973145  0.966696
1.01921e-08  0.972831  0.966829
1.01628e-08  0.972517  0.966965
1.01361e-08  0.972204  0.967104
1.01118e-08  0.971892  0.967245
1.009e-08  0.97158  0.967389
1.00705e-08  0.97127  0.967536
1.00535e-08  0.970961  0.967686
1.00389e-08  0.970654  0.967837
1.00266e-08  0.970347  0.967992
1.00166e-08  0.970043  0.968149
1.0009e-08  0.969741  0.968308
1.00037e-08  0.96944  0.96847
1.00007e-08  0.969142  0.968634
1e-08  0.968846  0.9688
1.00017e-08  0.968552  0.968969
1.00057e-08  0.968262  0.96914
1.00119e-08  0.967974  0.969313
1.00205e-08  0.967689  0.969488
1.00315e-08  0.967407  0.969666
1.00448e-08  0.967128  0.969845
1.00604e-08  0.966853  0.970027
1.00785e-08  0.966582  0.97021
1.00989e-08  0.966314  0.970396
1.01218e-08  0.96605  0.970583
1.01471e-08  0.96579  0.970773
1.0175e-08  0.965535  0.970964
1.02053e-08  0.965283  0.971157
1.02382e-08  0.965037  0.971352
1.02737e-08  0.964794  0.971549
1.03118e-08  0.964557  0.971748
1.03527e-08  0.964325  0.971948
1.03962e-08  0.964097  0.97215
1.04426e-08  0.963875  0.972353
1.04918e-08  0.963659  0.972559
1.05439e-08  0.963447  0.972765
1.0599e-08  0.963242  0.972974
1.06572e-08  0.963042  0.973184
1.07184e-08  0.962848  0.973395
1.0783e-08  0.96266  0.973608
1.08508e-08  0.962479  0.973822
1.0922e-08  0.962303  0.974038
1.09967e-08  0.962134  0.974255
1.10751e-08  0.961972  0.974474
1.11571e-08  0.961816  0.974693
1.1243e-08  0.961667  0.974915
1.13329e-08  0.961525  0.975137
1.14269e-08  0.96139  0.975361
1.15251e-08  0.961262  0.975587
1.16278e-08  0.961141  0.975813
1.1735e-08  0.961028  0.976041
1.1847e-08  0.960923  0.976271
1.1964e-08  0.960825  0.976501
1.20861e-08  0.960734  0.976733
1.22136e-08  0.960652  0.976967
1.23467e-08  0.960578  0.977202
1.24856e-08  0.960512  0.977438
1.26307e-08  0.960454  0.977676
1.27821e-08  0.960404  0.977915
1.29403e-08  0.960363  0.978155
1.31055e-08  0.960331  0.978398
1.32781e-08  0.960307  0.978642
1.34584e-08  0.960293  0.978888
1.36469e-08  0.960288  0.979135
1.3844e-08  0.960292  0.979384
1.40502e-08  0.960305  0.979636
1.4266e-08  0.960328  0.97989
1.44919e-08  0.96036  0.980145
1.47285e-08  0.960403  0.980404
1.49765e-08  0.960456  0.980665
1.52366e-08  0.96052  0.980928
1.55095e-08  0.960594  0.981195
1.57962e-08  0.960679  0.981465
1.60973e-08  0.960776  0.981738
1.64141e-08  0.960884  0.982015
1.67476e-08  0.961004  0.982297
1.70989e-08  0.961137  0.982582
1.74694e-08  0.961282  0.982873
1.78605e-08  0.961441  0.983169
1.82738e-08  0.961613  0.983471
1.87112e-08  0.9618  0.983779
1.91746e-08  0.962002  0.984094
1.96662e-08  0.96222  0.984417
2.01884e-08  0.962454  0.984749
2.07441e-08  0.962706  0.985091
2.13362e-08  0.962977  0.985443
2.19684e-08  0.963267  0.985806
2.26446e-08  0.963579  0.986183
2.33694e-08  0.963913  0.986575
2.41478e-08  0.964272  0.986983
2.49859e-08  0.964658  0.98741
2.58904e-08  0.965073  0.987858
2.68693e-08  0.965519  0.98833
2.79319e-08  0.966001  0.988828
2.9089e-08  0.966522  0.989358
3.03534e-08  0.967087  0.989923
3.17404e-08  0.967701  0.990528
3.32683e-08  0.968371  0.991181
3.49592e-08  0.969105  0.99189
3.68402e-08  0.969913  0.992663
3.89446e-08  0.970807  0.993513
4.13142e-08  0.971803  0.994456
4.40016e-08  0.97292  0.995509
4.70746e-08  0.974183  0.996698
5.06217e-08  0.975628  0.998045
5.47605e-08  0.896668  0.900175
5.96514e-08  0.718932  0.678026
0.000228924  0.556681  0.467515
0.0113202  0.148232  0.0650935
