0.0041795  -0.0805114  0.0540959
4.52456e-05  0.429618  0.579661
1.46236e-07  0.856108  0.587467
1.19694e-07  0.984254  0.911942
1.01327e-07  1.01468  0.986538
8.78637e-08  1.01409  0.990734
7.75747e-08  1.0111  0.988204
6.94572e-08  1.0078  0.98494
6.28908e-08  1.00517  0.982177
5.74708e-08  1.00307  0.979979
5.29222e-08  1.00133  0.978158
4.90513e-08  0.999866  0.976621
4.57179e-08  0.998617  0.975307
4.2818e-08  0.997536  0.97417
4.02728e-08  0.996592  0.973177
3.80216e-08  0.995758  0.972304
3.60165e-08  0.995015  0.97153
3.42199e-08  0.994348  0.97084
3.26012e-08  0.993745  0.970221
3.11356e-08  0.993195  0.969664
2.98026e-08  0.992691  0.96916
2.85855e-08  0.992225  0.968702
2.747e-08  0.991792  0.968286
2.64441e-08  0.991388  0.967906
2.54978e-08  0.991008  0.967559
2.46224e-08  0.990649  0.967241
2.38105e-08  0.990308  0.966948
2.30555e-08  0.989983  0.96668
2.23519e-08  0.989671  0.966433
2.16949e-08  0.989371  0.966205
2.10802e-08  0.98908  0.965996
2.05039e-08  0.988799  0.965803
1.99628e-08  0.988524  0.965626
1.94539e-08  0.988256  0.965463
1.89746e-08  0.987992  0.965312
1.85225e-08  0.987733  0.965175
1.80955e-08  0.987477  0.965049
1.76918e-08  0.987224  0.964933
1.73097e-08  0.986973  0.964828
1.69475e-08  0.986724  0.964733
1.66039e-08  0.986475  0.964647
1.62777e-08  0.986228  0.964569
1.59676e-08  0.98598  0.964499
1.56728e-08  0.985732  0.964438
1.53921e-08  0.985484  0.964384
1.51247e-08  0.985235  0.964337
1.48698e-08  0.984985  0.964297
1.46267e-08  0.984734  0.964263
1.43947e-08  0.984482  0.964236
1.41732e-08  0.984228  0.964215
1.39615e-08  0.983972  0.9642
1.37593e-08  0.983714  0.964191
1.35659e-08  0.983455  0.964187
1.33809e-08  0.983193  0.964189
1.32039e-08  0.982929  0.964195
1.30345e-08  0.982663  0.964207
1.28723e-08  0.982395  0.964224
1.2717e-08  0.982124  0.964245
1.25683e-08  0.981851  0.964272
1.24259e-08  0.981576  0.964302
1.22895e-08  0.981298  0.964338
1.21588e-08  0.981018  0.964377
1.20336e-08  0.980736  0.964421
1.19137e-08  0.980452  0.964469
1.17989e-08  0.980165  0.964522
1.16889e-08  0.979876  0.964578
1.15836e-08  0.979585  0.964638
1.14829e-08  0.979292  0.964702
1.13864e-08  0.978997  0.96477
1.12942e-08  0.9787  0.964842
1.12061e-08  0.978401  0.964917
1.11218e-08  0.9781  0.964996
1.10414e-08  0.977798  0.965079
1.09646e-08  0.977494  0.965165
1.08914e-08  0.977189  0.965254
1.08216e-08  0.976882  0.965347
1.07552e-08  0.976574  0.965443
1.0692e-08  0.976265  0.965543
1.06321e-08  0.975955  0.965645
1.05752e-08  0.975644  0.965751
1.05214e-08  0.975332  0.96586
1.04705e-08  0.97502  0.965973
1.04226e-08  0.974707  0.966088
1.03774e-08  0.974393  0.966206
1.0335e-08  0.97408  0.966328
1.02953e-08  0.973766  0.966452
1.02583e-08  0.973452  0.966579
1.02239e-08  0.973139  0.966709
1.01921e-08  0.972825  0.966842
1.01628e-08  0.972513  0.966977
1.01361e-08  0.9722  0.967116
1.01118e-08  0.971889  0.967257
1.009e-08  0.971579  0.9674
1.00705e-08  0.971269  0.967547
1.00535e-08  0.970961  0.967696
1.00389e-08  0.970655  0.967847
1.00266e-08  0.970349  0.968001
1.00166e-08  0.970046  0.968157
1.0009e-08  0.969744  0.968316
1.00037e-08  0.969445  0.968478
1.00007e-08  0.969147  0.968641
1e-08  0.968852  0.968807
1.00017e-08  0.96856  0.968975
1.00057e-08  0.96827  0.969146
1.00119e-08  0.967983  0.969318
1.00205e-08  0.967699  0.969493
1.00315e-08  0.967418  0.96967
1.00448e-08  0.96714  0.969849
1.00604e-08  0.966866  0.97003
1.00785e-08  0.966595  0.970213
1.00989e-08  0.966328  0.970398
1.01218e-08  0.966065  0.970585
1.01471e-08  0.965806  0.970774
1.0175e-08  0.965551  0.970965
1.02053e-08  0.9653  0.971157
1.02382e-08  0.965054  0.971352
1.02737e-08  0.964813  0.971548
1.03118e-08  0.964576  0.971746
1.03527e-08  0.964345  0.971946
1.03962e-08  0.964118  0.972147
1.04426e-08  0.963896  0.97235
1.04918e-08  0.96368  0.972554
1.05439e-08  0.96347  0.972761
1.0599e-08  0.963265  0.972968
1.06572e-08  0.963066  0.973178
1.07184e-08  0.962872  0.973388
1.0783e-08  0.962685  0.973601
1.08508e-08  0.962504  0.973814
1.0922e-08  0.962329  0.974029
1.09967e-08  0.96216  0.974246
1.10751e-08  0.961998  0.974464
1.11571e-08  0.961843  0.974683
1.1243e-08  0.961695  0.974904
1.13329e-08  0.961553  0.975126
1.14269e-08  0.961418  0.975349
1.15251e-08  0.961291  0.975574
1.16278e-08  0.961171  0.9758
1.1735e-08  0.961058  0.976027
1.1847e-08  0.960952  0.976256
1.1964e-08  0.960855  0.976486
1.20861e-08  0.960765  0.976717
1.22136e-08  0.960683  0.97695
1.23467e-08  0.960609  0.977184
1.24856e-08  0.960543  0.97742
1.26307e-08  0.960485  0.977657
1.27821e-08  0.960436  0.977895
1.29403e-08  0.960395  0.978135
1.31055e-08  0.960362  0.978377
1.32781e-08  0.960339  0.97862
1.34584e-08  0.960325  0.978865
1.36469e-08  0.96032  0.979112
1.3844e-08  0.960324  0.979361
1.40502e-08  0.960337  0.979611
1.4266e-08  0.960359  0.979864
1.44919e-08  0.960392  0.980119
1.47285e-08  0.960435  0.980377
1.49765e-08  0.960487  0.980637
1.52366e-08  0.960551  0.9809
1.55095e-08  0.960625  0.981166
1.57962e-08  0.96071  0.981435
1.60973e-08  0.960806  0.981707
1.64141e-08  0.960914  0.981984
1.67476e-08  0.961034  0.982264
1.70989e-08  0.961166  0.982549
1.74694e-08  0.961311  0.982839
1.78605e-08  0.961469  0.983134
1.82738e-08  0.961641  0.983435
1.87112e-08  0.961827  0.983742
1.91746e-08  0.962029  0.984057
1.96662e-08  0.962246  0.984379
2.01884e-08  0.962479  0.98471
2.07441e-08  0.96273  0.98505
2.13362e-08  0.963  0.985401
2.19684e-08  0.96329  0.985764
2.26446e-08  0.9636  0.98614
2.33694e-08  0.963934  0.98653
2.41478e-08  0.964292  0.986937
2.49859e-08  0.964676  0.987363
2.58904e-08  0.96509  0.987809
2.68693e-08  0.965535  0.988279
2.79319e-08  0.966016  0.988776
2.9089e-08  0.966535  0.989304
3.03534e-08  0.967098  0.989868
3.17404e-08  0.967711  0.990472
3.32683e-08  0.968379  0.991123
3.49592e-08  0.969111  0.991829
3.68402e-08  0.969916  0.9926
3.89446e-08  0.970808  0.993448
4.13142e-08  0.9718  0.994387
4.40016e-08  0.972913  0.995437
4.70746e-08  0.974173  0.996622
5.06217e-08  0.975743  0.998103
5.47605e-08  0.966445  0.986548
5.96514e-08  0.661291  0.611591
0.000299615  0.605423  0.535133
0.0123336  0.158968  0.083936
