0.345941  0.0255825  -0.0660759
0.342121  0.130015  -0.125636
0.61715  0.157189  -0.137534
0.733273  0.132915  -0.123102
0.735914  0.133113  -0.121109
0.734294  0.139793  -0.121717
0.744561  0.149035  -0.123655
0.760517  0.15729  -0.1258
0.772233  0.164925  -0.128088
0.780535  0.172555  -0.130388
0.787644  0.180187  -0.132658
0.79424  0.187797  -0.134945
0.80045  0.195297  -0.137204
0.806221  0.202662  -0.139401
0.8116  0.209891  -0.141518
0.816684  0.21698  -0.143541
0.821543  0.223923  -0.145461
0.826322  0.230715  -0.147267
0.830927  0.237284  -0.148929
0.834921  0.24376  -0.150509
0.839278  0.250196  -0.151981
0.846045  0.256178  -0.153284
0.849152  0.26168  -0.15424
0.849334  0.267644  -0.155332
0.852308  0.273983  -0.156515
0.866585  0.279719  -0.157396
0.873731  0.283434  -0.157138
0.874099  0.287827  -0.157099
0.873672  0.292378  -0.157172
0.874224  0.297004  -0.157288
0.877664  0.301601  -0.157411
0.883432  0.305749  -0.157308
0.888  0.309463  -0.156916
0.891989  0.313011  -0.156418
0.895922  0.316335  -0.155775
0.89994  0.31942  -0.154989
0.903726  0.322235  -0.154029
0.908014  0.324865  -0.152993
0.91161  0.327125  -0.151686
0.91561  0.329275  -0.150399
0.920088  0.331062  -0.148896
0.923322  0.332532  -0.147162
0.928032  0.333948  -0.145514
0.931496  0.334858  -0.143523
0.935575  0.335721  -0.141555
0.950866  0.336261  -0.138587
0.937705  0.335797  -0.136996
0.864407  0.334698  -0.13486
0.612989  0.332873  -0.132112
0.176475  0.330059  -0.127648
1.39615e-08  0.325982  -0.125518
1.37593e-08  0.175981  -0.0478911
1.35659e-08  0.141591  -0.0293247
1.33809e-08  0.137364  -0.0269371
1.32039e-08  0.13532  -0.0258053
1.30345e-08  0.133267  -0.0247295
1.28723e-08  0.131076  -0.0236501
1.2717e-08  0.128734  -0.0225655
1.25683e-08  0.126251  -0.0214789
1.24259e-08  0.123631  -0.0203935
1.22895e-08  0.120876  -0.0193122
1.21588e-08  0.117988  -0.0182371
1.20336e-08  0.114969  -0.0171708
1.19137e-08  0.111823  -0.0161157
1.17989e-08  0.108551  -0.0150744
1.16889e-08  0.105156  -0.0140492
1.15836e-08  0.101642  -0.0130427
1.14829e-08  0.098012  -0.0120572
1.13864e-08  0.0942688  -0.011095
1.12942e-08  0.0904162  -0.0101586
1.12061e-08  0.0864576  -0.0092501
1.11218e-08  0.0823967  -0.00837182
1.10414e-08  0.0782374  -0.00752589
1.09646e-08  0.0739836  -0.00671443
1.08914e-08  0.0696392  -0.0059395
1.08216e-08  0.0652084  -0.00520309
1.07552e-08  0.0606954  -0.00450717
1.0692e-08  0.0561044  -0.00385364
1.06321e-08  0.0514396  -0.00324434
1.05752e-08  0.0467065  -0.00268106
1.05214e-08  0.0419253  -0.00216817
1.04705e-08  0.0371049  -0.00170656
1.04226e-08  0.0322426  -0.00129653
1.03774e-08  0.0273406  -0.000939353
1.0335e-08  0.0224064  -0.000636721
1.02953e-08  0.0174472  -0.000390342
1.02583e-08  0.0124693  -0.000202018
1.02239e-08  0.00746771  -7.35964e-05
1.01921e-08  0.00249521  -8.39478e-06
1.01628e-08  0.000405681  -0.000145921
1.01361e-08  0.000354647  -0.000202625
1.01118e-08  0.00031794  0.000253613
1.009e-08  0.000285363  -0.000293686
1.00705e-08  0.000252996  -0.000326514
1.00535e-08  0.000222025  -0.000358257
1.00389e-08  0.000202715  0.000388833
1.00266e-08  0.000195258  -0.000405785
1.00166e-08  0.000182002  -0.000407785
1.0009e-08  0.000187375  -0.000384818
1.00037e-08  8.85709e-05  -0.0002604
1.00007e-08  -9.77983e-05  0.000151639
1e-08  -0.000521644  -5.7399e-06
1.00017e-08  -0.000134961  0.000299969
1.00057e-08  -0.000182951  0.000312333
1.00119e-08  -0.000187104  0.000403413
1.00205e-08  -0.000190209  0.000405169
1.00315e-08  -0.000198502  0.000401558
1.00448e-08  -0.000208966  0.000376324
1.00604e-08  -0.000235387  0.000344401
1.00785e-08  -0.000267359  0.000312676
1.00989e-08  -0.00029837  -0.000278316
1.01218e-08  -0.000331387  -0.00023401
1.01471e-08  -0.000374761  0.000178848
1.0175e-08  -0.000294052  4.57909e-05
1.02053e-08  -0.00443114  -2.61533e-05
1.02382e-08  -0.00925291  -0.00011173
1.02737e-08  -0.0140968  -0.000255118
1.03118e-08  -0.0189715  -0.000455866
1.03527e-08  -0.0238604  -0.000713129
1.03962e-08  -0.0287874  -0.00102899
1.04426e-08  -0.0337338  -0.00140346
1.04918e-08  -0.0387416  -0.00184267
1.05439e-08  -0.0438201  -0.00235233
1.0599e-08  -0.0492016  -0.00297327
1.06572e-08  -0.0553879  -0.00381009
1.07184e-08  -0.0616785  -0.00479211
1.0783e-08  -0.0682089  -0.0059605
1.08508e-08  -0.0750655  -0.00736094
1.0922e-08  -0.082607  -0.00915199
1.09967e-08  -0.0978193  -0.0141895
1.10751e-08  -0.203017  -0.0576026
1.11571e-08  -0.39855  -0.146594
1.1243e-08  -0.474174  -0.184846
1.13329e-08  -0.483916  -0.192745
1.14269e-08  -0.482092  -0.195154
1.15251e-08  -0.475301  -0.196753
1.16278e-08  -0.470498  -0.198151
1.1735e-08  -0.465885  -0.199323
1.1847e-08  -0.460809  -0.200229
1.1964e-08  -0.455016  -0.200892
1.20861e-08  -0.449333  -0.201373
1.22136e-08  -0.44372  -0.201711
1.23467e-08  -0.438079  -0.201926
1.24856e-08  -0.432327  -0.202033
1.26307e-08  -0.426365  -0.201999
1.27821e-08  -0.419609  -0.201579
1.29403e-08  -0.413304  -0.201336
1.31055e-08  -0.410846  -0.202018
1.32781e-08  -0.423484  -0.211222
1.63447e-08  -0.526659  -0.269288
1.90115e-08  -0.621297  -0.32922
1.8743e-08  -0.676852  -0.368847
1.84176e-08  -0.717026  -0.40018
1.82714e-08  -0.744688  -0.424651
1.82544e-08  -0.76591  -0.445467
1.82646e-08  -0.782494  -0.463723
1.82907e-08  -0.795506  -0.480127
1.83386e-08  -0.806603  -0.49504
1.83886e-08  -0.816026  -0.508162
1.84045e-08  -0.823929  -0.519998
1.84103e-08  -0.827092  -0.530488
1.85418e-08  -0.828975  -0.538907
1.87143e-08  -0.830823  -0.545571
1.88677e-08  -0.831852  -0.551748
1.8979e-08  -0.831349  -0.557305
1.90657e-08  -0.830236  -0.561958
1.89844e-08  -0.828001  -0.56605
1.86328e-08  -0.824538  -0.569152
1.76974e-08  -0.82112  -0.571904
1.50872e-08  -0.818231  -0.576758
1.12528e-08  -0.800403  -0.569046
8.99021e-09  -0.768516  -0.550185
8.04585e-09  -0.730149  -0.526909
7.86107e-09  -0.691508  -0.503279
8.02884e-09  -0.656381  -0.481788
8.31499e-09  -0.624304  -0.461871
8.69174e-09  -0.592248  -0.440978
9.21527e-09  -0.559815  -0.418528
9.98486e-09  -0.525155  -0.393118
1.13252e-08  -0.478718  -0.358051
1.5374e-08  -0.41236  -0.306003
3.33572e-08  -0.3597  -0.263425
1.13319e-07  -0.33937  -0.247503
4.6562e-07  -0.338007  -0.247807
1.88376e-06  -0.350185  -0.259248
3.89775e-06  -0.383231  -0.287475
4.48385e-06  -0.401069  -0.302337
3.20784e-06  -0.456902  -0.344565
8.13714e-07  -0.521102  -0.383019
1.50126e-07  -0.549671  -0.382337
1.04361e-07  0.260432  0.110073
2.2913e-06  0.526723  0.257469
0.000396723  0.498363  0.245845
0.0186967  0.441636  0.22458
0.51127  0.368037  0.197378
2.58071  0.211934  0.164749
