0.290386  -0.0270321  -0.090089
0.125614  0.0880279  -0.177105
0.229081  0.216022  -0.259089
0.532604  0.205031  -0.252044
0.640084  0.16314  -0.217827
0.63324  0.158354  -0.210875
0.621381  0.163575  -0.209986
0.624728  0.17412  -0.212472
0.642644  0.184522  -0.215876
0.660264  0.193104  -0.219247
0.671448  0.201705  -0.222979
0.679902  0.210342  -0.226496
0.687355  0.219104  -0.229935
0.694596  0.22796  -0.233444
0.701779  0.236752  -0.23694
0.708667  0.245412  -0.240339
0.715155  0.253947  -0.243605
0.721367  0.262369  -0.246723
0.727514  0.270651  -0.249666
0.733428  0.278745  -0.252414
0.738823  0.286751  -0.255027
0.74483  0.294733  -0.257501
0.752994  0.302192  -0.259705
0.758024  0.309241  -0.261338
0.76043  0.316684  -0.2631
0.762626  0.324184  -0.264868
0.770888  0.332124  -0.266757
0.787219  0.338496  -0.267593
0.793626  0.343619  -0.267243
0.795682  0.349416  -0.267174
0.797154  0.355249  -0.267178
0.7991  0.361064  -0.267191
0.803011  0.366879  -0.267177
0.810028  0.372428  -0.267074
0.817607  0.377339  -0.266105
0.824042  0.381953  -0.265192
0.829954  0.38631  -0.263783
0.835697  0.390421  -0.262241
0.842057  0.394311  -0.260705
0.847994  0.397742  -0.258434
0.853869  0.400981  -0.256273
0.860509  0.403944  -0.253816
0.866445  0.406404  -0.250881
0.87334  0.408773  -0.24813
0.879401  0.410538  -0.244689
0.8854  0.412185  -0.241183
0.901681  0.413936  -0.236748
0.907917  0.413971  -0.231961
0.888338  0.413585  -0.229646
0.823504  0.412417  -0.225795
0.649716  0.410404  -0.220687
0.322284  0.407115  -0.212045
0.0711888  0.406156  -0.20908
0.00178603  0.405403  -0.207956
1.32039e-08  0.212267  -0.0756146
1.30345e-08  0.161136  -0.0396752
1.28723e-08  0.154854  -0.0353628
1.2717e-08  0.152066  -0.0336364
1.25683e-08  0.149294  -0.0320265
1.24259e-08  0.146352  -0.0304182
1.22895e-08  0.143227  -0.0288125
1.21588e-08  0.139933  -0.0272145
1.20336e-08  0.136476  -0.0256277
1.19137e-08  0.132856  -0.024056
1.17989e-08  0.129077  -0.0225031
1.16889e-08  0.125142  -0.0209731
1.15836e-08  0.121055  -0.0194697
1.14829e-08  0.116819  -0.0179967
1.13864e-08  0.112438  -0.0165579
1.12942e-08  0.107918  -0.0151569
1.12061e-08  0.103261  -0.0137974
1.11218e-08  0.0984734  -0.012483
1.10414e-08  0.0935595  -0.011217
1.09646e-08  0.0885246  -0.0100028
1.08914e-08  0.083374  -0.00884358
1.08216e-08  0.0781132  -0.00774261
1.07552e-08  0.0727479  -0.00670288
1.0692e-08  0.0672839  -0.00572734
1.06321e-08  0.0617274  -0.00481883
1.05752e-08  0.0560847  -0.00397995
1.05214e-08  0.0503689  -0.00321496
1.04705e-08  0.044593  -0.00252656
1.04226e-08  0.0387617  -0.00191618
1.03774e-08  0.0328784  -0.00138555
1.0335e-08  0.0269505  -0.00093693
1.02953e-08  0.0209871  -0.000572694
1.02583e-08  0.0149964  -0.000295255
1.02239e-08  0.00896328  -0.000106719
1.01921e-08  0.00297267  -1.19644e-05
1.01628e-08  0.000378847  -0.000123936
1.01361e-08  0.000347659  -0.000202773
1.01118e-08  0.000316927  0.000254113
1.009e-08  0.000284581  -0.000294036
1.00705e-08  0.000252581  -0.000325571
1.00535e-08  0.000220314  -0.000351199
1.00389e-08  0.00018946  0.000371582
1.00266e-08  0.000154972  -0.000388864
1.00166e-08  0.000121782  -0.00040207
1.0009e-08  8.75944e-05  -0.000412032
1.00037e-08  6.99162e-05  -0.000424154
1.00007e-08  5.09126e-07  0.000255021
1e-08  -0.000144596  -0.00052254
1.00017e-08  3.46287e-06  0.000444879
1.00057e-08  -7.04495e-05  0.000410777
1.00119e-08  -0.000105266  0.000407784
1.00205e-08  -0.000137759  0.000396502
1.00315e-08  -0.000170219  0.000381845
1.00448e-08  -0.00020253  0.000363414
1.00604e-08  -0.000234657  0.000340667
1.00785e-08  -0.000266581  0.000312748
1.00989e-08  -0.00029747  -0.000278718
1.01218e-08  -0.000329051  -0.000234876
1.01471e-08  -0.000360682  0.000174623
1.0175e-08  -0.000396841  6.13434e-05
1.02053e-08  -0.00536263  -3.85546e-05
1.02382e-08  -0.0112919  -0.000167993
1.02737e-08  -0.0172075  -0.000385342
1.03118e-08  -0.0231283  -0.000689125
1.03527e-08  -0.0290451  -0.00107785
1.03962e-08  -0.0349681  -0.00155223
1.04426e-08  -0.0408853  -0.00211182
1.04918e-08  -0.0468233  -0.00276154
1.05439e-08  -0.0528119  -0.00351031
1.0599e-08  -0.0590469  -0.00440182
1.06572e-08  -0.065738  -0.00550157
1.07184e-08  -0.0724233  -0.00674848
1.0783e-08  -0.0793527  -0.0082319
1.08508e-08  -0.0882498  -0.0107815
1.0922e-08  -0.120725  -0.0251106
1.09967e-08  -0.236608  -0.0878912
1.10751e-08  -0.31319  -0.134788
1.11571e-08  -0.331047  -0.148271
1.1243e-08  -0.332993  -0.151988
1.13329e-08  -0.331729  -0.154097
1.14269e-08  -0.329341  -0.155887
1.15251e-08  -0.327666  -0.157537
1.16278e-08  -0.3259  -0.159012
1.1735e-08  -0.323696  -0.160326
1.1847e-08  -0.321365  -0.16152
1.1964e-08  -0.31908  -0.162604
1.20861e-08  -0.316649  -0.163549
1.22136e-08  -0.31361  -0.16437
1.23467e-08  -0.310982  -0.165187
1.24856e-08  -0.310541  -0.166905
1.26307e-08  -0.322911  -0.178043
1.27821e-08  -0.440787  -0.26483
2.22584e-08  -0.606724  -0.399053
2.33002e-08  -0.659474  -0.45493
2.22732e-08  -0.706713  -0.4983
1.9633e-08  -0.750667  -0.549264
1.81823e-08  -0.749973  -0.565544
1.8017e-08  -0.756938  -0.58523
1.7732e-08  -0.761865  -0.603723
1.74575e-08  -0.764719  -0.619482
1.7088e-08  -0.766544  -0.633655
1.68191e-08  -0.761462  -0.64222
1.68135e-08  -0.757156  -0.65031
1.6847e-08  -0.752766  -0.657966
1.68827e-08  -0.748137  -0.665156
1.68608e-08  -0.742894  -0.67106
1.67082e-08  -0.736503  -0.675512
1.64229e-08  -0.728854  -0.679101
1.59695e-08  -0.720645  -0.682182
1.49884e-08  -0.712188  -0.685124
1.27376e-08  -0.701408  -0.689528
9.77494e-09  -0.688038  -0.684183
7.68723e-09  -0.66918  -0.670353
6.51397e-09  -0.644821  -0.651141
6.01739e-09  -0.617813  -0.629192
5.9311e-09  -0.591074  -0.607357
6.04443e-09  -0.566614  -0.587544
6.22733e-09  -0.544344  -0.569326
6.45888e-09  -0.52248  -0.550319
6.75895e-09  -0.501121  -0.530159
7.15135e-09  -0.480084  -0.508485
7.68192e-09  -0.457929  -0.484455
8.57019e-09  -0.427276  -0.450117
1.13951e-08  -0.386329  -0.399834
2.32775e-08  -0.351877  -0.35602
7.24861e-08  -0.336786  -0.339141
2.65695e-07  -0.332544  -0.337855
9.68377e-07  -0.332557  -0.342067
2.40467e-06  -0.342529  -0.365381
3.24167e-06  -0.349026  -0.380799
3.37896e-06  -0.352856  -0.389329
2.21441e-06  -0.374246  -0.425349
6.55719e-07  -0.384752  -0.441865
1.37867e-07  -0.37087  -0.426981
3.61007e-08  -0.254412  -0.300708
2.42493e-08  -0.0892274  -0.126632
1.83533e-08  0.0129473  -0.0265952
1.00484e-06  0.364137  0.395936
8.17334e-05  0.351755  0.371933
0.00487064  0.330134  0.326497
0.191571  0.293486  0.276287
1.23804  0.18612  0.223461
