0.977726  0.0235181  -0.00328657
0.998816  0.0258694  -0.00336717
1.00169  0.0272035  -0.00342186
1.00272  0.0288467  -0.00349803
1.00374  0.0304989  -0.00358331
1.00448  0.0321357  -0.00367319
1.00507  0.0337544  -0.00376533
1.00554  0.0353518  -0.00385826
1.00593  0.0369258  -0.00395092
1.00627  0.0384748  -0.00404258
1.00656  0.0399976  -0.0041327
1.00682  0.0414933  -0.00422086
1.00705  0.0429612  -0.00430676
1.00726  0.0444006  -0.00439017
1.00745  0.0458113  -0.0044709
1.00762  0.0471927  -0.00454883
1.00778  0.0485447  -0.00462386
1.00793  0.0498671  -0.00469593
1.00807  0.0511599  -0.00476501
1.00819  0.0524236  -0.0048311
1.00832  0.0536618  -0.00489436
1.00843  0.0548461  -0.00495351
1.00774  0.0560626  -0.0050127
1.01072  0.0572812  -0.0050748
1.01103  0.0574629  -0.00498728
1.00839  0.0584822  -0.00502458
1.00861  0.0596583  -0.00508381
1.0089  0.060726  -0.00513463
1.00893  0.061775  -0.00518258
1.00897  0.0628024  -0.00522824
1.00901  0.0638077  -0.00527167
1.00904  0.0647913  -0.00531293
1.00906  0.0657545  -0.00535211
1.00908  0.0666981  -0.00538932
1.0091  0.0676233  -0.00542463
1.0091  0.068531  -0.00545812
1.00911  0.0694223  -0.00548985
1.00911  0.0702981  -0.00551989
1.0091  0.0711594  -0.00554827
1.00909  0.072007  -0.00557501
1.00908  0.0728416  -0.00560011
1.00906  0.0736639  -0.00562356
1.00905  0.0744749  -0.00564534
1.00907  0.0752799  -0.00566546
1.0089  0.0760444  -0.0056829
0.989046  0.0768853  -0.00570525
1.48698e-08  0.0756806  -0.00561038
1.46267e-08  0.0308323  -0.00128436
1.43947e-08  0.0293834  -0.00112954
1.41732e-08  0.0291197  -0.00109721
1.39615e-08  0.0288417  -0.00106543
1.37593e-08  0.0285375  -0.00103304
1.35659e-08  0.0282073  -0.00100008
1.33809e-08  0.0278511  -0.000966598
1.32039e-08  0.0274691  -0.000932661
1.30345e-08  0.0270615  -0.000898315
1.28723e-08  0.0266282  -0.000863609
1.2717e-08  0.0261694  -0.000828595
1.25683e-08  0.0256851  -0.00079332
1.24259e-08  0.0251752  -0.00075783
1.22895e-08  0.0246398  -0.000722174
1.21588e-08  0.0240786  -0.000686396
1.20336e-08  0.0234915  -0.00065054
1.19137e-08  0.0228782  -0.000614653
1.17989e-08  0.0222384  -0.000578775
1.16889e-08  0.0215717  -0.000542954
1.15836e-08  0.0208774  -0.000507235
1.14829e-08  0.020155  -0.000471667
1.13864e-08  0.0194037  -0.000436305
1.12942e-08  0.0186225  -0.000401201
1.12061e-08  0.0178104  -0.000366421
1.11218e-08  0.016966  -0.000332037
1.10414e-08  0.0160879  -0.000298135
1.09646e-08  0.0151743  -0.000264817
1.08914e-08  0.0142234  -0.000232207
1.08216e-08  0.013233  -0.000200462
1.07552e-08  0.0122004  -0.000169779
1.0692e-08  0.011123  -0.000140411
1.06321e-08  0.00999744  -0.000112686
1.05752e-08  0.00884028  -8.75237e-05
1.05214e-08  0.00781895  -6.87329e-05
1.04705e-08  0.00681792  -5.26056e-05
1.04226e-08  0.00581738  -3.86328e-05
1.03774e-08  0.00482884  -2.69251e-05
1.0335e-08  0.00386148  -1.74769e-05
1.02953e-08  0.00292126  -1.01961e-05
1.02583e-08  0.00201176  -4.95507e-06
1.02239e-08  0.00115714  -1.69238e-06
1.01921e-08  0.000392125  -2.03101e-07
1.01628e-08  0.000103102  -3.44247e-05
1.01361e-08  9.48581e-05  -5.51192e-05
1.01118e-08  8.66249e-05  6.8901e-05
1.009e-08  7.82565e-05  -7.94888e-05
1.00705e-08  6.99074e-05  -8.79305e-05
1.00535e-08  6.16817e-05  -9.47042e-05
1.00389e-08  -6.85969e-05  9.68044e-07
1.00266e-08  -0.00274243  4.42912e-05
1.00166e-08  -0.0061436  6.42622e-05
1.0009e-08  -0.00998334  6.93563e-05
1.00037e-08  -0.0141024  5.85031e-05
1.00007e-08  -0.0167552  3.06251e-05
1e-08  0.0191406  1.00452e-05
1.00017e-08  0.0197451  5.17699e-05
1.00057e-08  0.0197154  0.000100953
1.00119e-08  0.0195588  0.000150522
1.00205e-08  0.0193248  0.000200235
1.00315e-08  0.0190032  0.000249671
1.00448e-08  0.0185774  0.000297884
1.00604e-08  0.018031  0.000343776
1.00785e-08  0.0173171  0.000385439
1.00989e-08  0.0164667  0.00042226
1.01218e-08  0.0154304  0.000451827
1.01471e-08  0.0141652  0.000471486
1.0175e-08  0.0126431  0.000478446
1.02053e-08  0.0108313  0.000469127
1.02382e-08  0.00868866  0.000439292
1.02737e-08  0.00616866  0.000382268
1.03118e-08  0.00321898  0.000284053
1.03527e-08  -2.72086e-06  4.58759e-05
1.03962e-08  -0.00102516  -1.0116e-06
1.04426e-08  -0.00222564  -4.93553e-06
1.04918e-08  -0.00401901  -1.67726e-05
1.05439e-08  -0.00627993  -4.197e-05
1.0599e-08  -0.00931222  -0.000101559
1.06572e-08  -0.0177746  -0.000551926
1.07184e-08  -0.0277045  -0.00113027
1.0783e-08  -0.0390577  -0.0018379
1.08508e-08  -0.0520826  -0.00270019
1.0922e-08  -0.0670553  -0.00374575
1.09967e-08  -0.0843093  -0.00500936
1.10751e-08  -0.104259  -0.00653404
1.11571e-08  -0.127433  -0.00837416
1.1243e-08  -0.154512  -0.0105994
1.13329e-08  -0.186408  -0.0133022
1.14269e-08  -0.224384  -0.0166088
1.15251e-08  -0.270288  -0.0207014
1.16278e-08  -0.327142  -0.0258716
1.1735e-08  -0.401692  -0.0327478
1.1847e-08  -0.519424  -0.0436238
1.1964e-08  -0.768998  -0.0663701
1.20861e-08  -1.03058  -0.0901211
1.22136e-08  -1.17402  -0.1031
1.23467e-08  -1.32927  -0.116433
1.24856e-08  -2.06631  -0.177245
1.26307e-08  -3.13751  -0.270571
1.27821e-08  -3.51788  -0.306757
1.29403e-08  -3.56824  -0.313772
1.31055e-08  -3.55478  -0.31487
1.32781e-08  -3.49202  -0.314861
1.34584e-08  -3.44039  -0.313936
1.36469e-08  -3.39415  -0.312557
1.3844e-08  -3.34714  -0.311333
1.40502e-08  -3.29475  -0.309903
1.4266e-08  -3.23538  -0.307789
1.44919e-08  -3.17222  -0.304888
1.47285e-08  -3.10547  -0.301395
1.49765e-08  -3.03004  -0.297379
1.52366e-08  -2.94614  -0.292844
1.55095e-08  -2.86359  -0.287983
1.57962e-08  -2.78181  -0.282894
1.60973e-08  -2.70017  -0.277512
1.64141e-08  -2.61869  -0.271974
1.67476e-08  -2.53726  -0.266412
1.70989e-08  -2.45575  -0.260637
1.74694e-08  -2.37396  -0.25458
1.78605e-08  -2.29168  -0.24828
1.82738e-08  -2.20873  -0.241761
1.87112e-08  -2.12495  -0.234997
1.91746e-08  -2.04029  -0.227971
1.96662e-08  -1.9548  -0.220699
2.01884e-08  -1.86866  -0.21319
2.07441e-08  -1.78207  -0.205453
2.13362e-08  -1.69516  -0.197499
2.19684e-08  -1.60797  -0.189326
2.26446e-08  -1.52042  -0.180928
2.33694e-08  -1.43249  -0.172297
2.41478e-08  -1.34417  -0.163427
2.49859e-08  -1.25542  -0.15431
2.58904e-08  -1.16605  -0.14492
2.68693e-08  -1.07398  -0.135014
2.79319e-08  -0.974165  -0.123998
2.90517e-08  -0.915801  -0.117968
3.02881e-08  -0.923435  -0.120238
3.16347e-08  -0.928324  -0.122119
3.289e-08  -0.931743  -0.123401
3.30182e-08  -0.924241  -0.123701
3.29367e-08  -0.837981  -0.113455
3.78741e-08  -0.711891  -0.0975031
6.53558e-08  -0.440327  -0.0610731
2.94405e-07  -0.262243  -0.0370369
2.24496e-06  -0.229706  -0.0326974
1.20876e-05  -0.185011  -0.0260897
2.77271e-05  -0.116503  -0.0160171
0.00989781  0.648572  0.0482753
1.31046  0.300057  0.0208322
5.99415  -0.0179893  -0.00120695
