0.00522273  -0.105657  0.00418567
8.05034e-06  -0.237461  -0.010995
1.46236e-07  0.637564  0.677805
1.19694e-07  0.966131  0.953453
1.01327e-07  1.01361  0.992145
8.78637e-08  1.01394  0.991514
7.75747e-08  1.01115  0.988407
6.94572e-08  1.00783  0.984904
6.28908e-08  1.00517  0.982169
5.74708e-08  1.00307  0.979976
5.29222e-08  1.00133  0.978156
4.90513e-08  0.999871  0.97662
4.57179e-08  0.998621  0.975306
4.2818e-08  0.997541  0.974169
4.02728e-08  0.996596  0.973177
3.80216e-08  0.995762  0.972303
3.60165e-08  0.99502  0.971529
3.42199e-08  0.994353  0.970839
3.26012e-08  0.993749  0.97022
3.11356e-08  0.993199  0.969663
2.98026e-08  0.992695  0.969159
2.85855e-08  0.992229  0.968702
2.747e-08  0.991796  0.968285
2.64441e-08  0.991392  0.967906
2.54978e-08  0.991012  0.967558
2.46224e-08  0.990653  0.96724
2.38105e-08  0.990312  0.966948
2.30555e-08  0.989987  0.966679
2.23519e-08  0.989675  0.966432
2.16949e-08  0.989375  0.966205
2.10802e-08  0.989084  0.965995
2.05039e-08  0.988802  0.965802
1.99628e-08  0.988528  0.965625
1.94539e-08  0.988259  0.965462
1.89746e-08  0.987996  0.965312
1.85225e-08  0.987736  0.965174
1.80955e-08  0.987481  0.965048
1.76918e-08  0.987228  0.964933
1.73097e-08  0.986977  0.964827
1.69475e-08  0.986727  0.964732
1.66039e-08  0.986479  0.964646
1.62777e-08  0.986231  0.964568
1.59676e-08  0.985983  0.964498
1.56728e-08  0.985736  0.964437
1.53921e-08  0.985487  0.964383
1.51247e-08  0.985238  0.964336
1.48698e-08  0.984988  0.964296
1.46267e-08  0.984737  0.964262
1.43947e-08  0.984485  0.964235
1.41732e-08  0.984231  0.964214
1.39615e-08  0.983975  0.964199
1.37593e-08  0.983717  0.96419
1.35659e-08  0.983457  0.964186
1.33809e-08  0.983195  0.964188
1.32039e-08  0.982932  0.964194
1.30345e-08  0.982665  0.964206
1.28723e-08  0.982397  0.964223
1.2717e-08  0.982126  0.964244
1.25683e-08  0.981853  0.964271
1.24259e-08  0.981578  0.964301
1.22895e-08  0.9813  0.964337
1.21588e-08  0.98102  0.964376
1.20336e-08  0.980738  0.96442
1.19137e-08  0.980454  0.964468
1.17989e-08  0.980167  0.964521
1.16889e-08  0.979878  0.964577
1.15836e-08  0.979587  0.964637
1.14829e-08  0.979294  0.964701
1.13864e-08  0.978999  0.964769
1.12942e-08  0.978702  0.964841
1.12061e-08  0.978403  0.964916
1.11218e-08  0.978102  0.964995
1.10414e-08  0.9778  0.965078
1.09646e-08  0.977496  0.965164
1.08914e-08  0.97719  0.965253
1.08216e-08  0.976883  0.965346
1.07552e-08  0.976575  0.965442
1.0692e-08  0.976266  0.965542
1.06321e-08  0.975956  0.965645
1.05752e-08  0.975645  0.965751
1.05214e-08  0.975333  0.96586
1.04705e-08  0.97502  0.965972
1.04226e-08  0.974707  0.966087
1.03774e-08  0.974394  0.966206
1.0335e-08  0.97408  0.966327
1.02953e-08  0.973766  0.966451
1.02583e-08  0.973453  0.966578
1.02239e-08  0.973139  0.966708
1.01921e-08  0.972826  0.966841
1.01628e-08  0.972513  0.966977
1.01361e-08  0.972201  0.967115
1.01118e-08  0.971889  0.967256
1.009e-08  0.971579  0.9674
1.00705e-08  0.971269  0.967546
1.00535e-08  0.970961  0.967695
1.00389e-08  0.970654  0.967847
1.00266e-08  0.970349  0.968001
1.00166e-08  0.970046  0.968157
1.0009e-08  0.969744  0.968316
1.00037e-08  0.969444  0.968477
1.00007e-08  0.969147  0.968641
1e-08  0.968852  0.968809
1.00017e-08  0.968558  0.968975
1.00057e-08  0.96826  0.969139
1.00119e-08  0.967967  0.969307
1.00205e-08  0.967696  0.969488
1.00315e-08  0.967431  0.969686
1.00448e-08  0.96716  0.969866
1.00604e-08  0.966878  0.97004
1.00785e-08  0.966597  0.970216
1.00989e-08  0.966327  0.970397
1.01218e-08  0.966064  0.970584
1.01471e-08  0.965804  0.970774
1.0175e-08  0.965549  0.970965
1.02053e-08  0.965299  0.971157
1.02382e-08  0.965053  0.971352
1.02737e-08  0.964811  0.971548
1.03118e-08  0.964575  0.971746
1.03527e-08  0.964343  0.971946
1.03962e-08  0.964116  0.972147
1.04426e-08  0.963895  0.97235
1.04918e-08  0.963679  0.972555
1.05439e-08  0.963468  0.972761
1.0599e-08  0.963263  0.972969
1.06572e-08  0.963064  0.973178
1.07184e-08  0.96287  0.973389
1.0783e-08  0.962683  0.973601
1.08508e-08  0.962502  0.973815
1.0922e-08  0.962327  0.97403
1.09967e-08  0.962158  0.974247
1.10751e-08  0.961996  0.974465
1.11571e-08  0.961841  0.974684
1.1243e-08  0.961692  0.974905
1.13329e-08  0.961551  0.975127
1.14269e-08  0.961416  0.97535
1.15251e-08  0.961288  0.975575
1.16278e-08  0.961168  0.975801
1.1735e-08  0.961055  0.976029
1.1847e-08  0.96095  0.976257
1.1964e-08  0.960852  0.976487
1.20861e-08  0.960762  0.976719
1.22136e-08  0.96068  0.976952
1.23467e-08  0.960606  0.977186
1.24856e-08  0.96054  0.977421
1.26307e-08  0.960482  0.977658
1.27821e-08  0.960433  0.977897
1.29403e-08  0.960392  0.978137
1.31055e-08  0.96036  0.978379
1.32781e-08  0.960336  0.978622
1.34584e-08  0.960322  0.978867
1.36469e-08  0.960317  0.979114
1.3844e-08  0.960321  0.979363
1.40502e-08  0.960334  0.979614
1.4266e-08  0.960356  0.979866
1.44919e-08  0.960389  0.980122
1.47285e-08  0.960432  0.980379
1.49765e-08  0.960485  0.980639
1.52366e-08  0.960548  0.980902
1.55095e-08  0.960622  0.981168
1.57962e-08  0.960707  0.981437
1.60973e-08  0.960803  0.98171
1.64141e-08  0.960911  0.981987
1.67476e-08  0.961031  0.982267
1.70989e-08  0.961163  0.982552
1.74694e-08  0.961308  0.982842
1.78605e-08  0.961466  0.983137
1.82738e-08  0.961638  0.983438
1.87112e-08  0.961825  0.983745
1.91746e-08  0.962026  0.98406
1.96662e-08  0.962243  0.984382
2.01884e-08  0.962477  0.984713
2.07441e-08  0.962728  0.985054
2.13362e-08  0.962998  0.985405
2.19684e-08  0.963287  0.985767
2.26446e-08  0.963598  0.986143
2.33694e-08  0.963932  0.986534
2.41478e-08  0.96429  0.986941
2.49859e-08  0.964674  0.987367
2.58904e-08  0.965088  0.987813
2.68693e-08  0.965533  0.988284
2.79319e-08  0.966014  0.988781
2.9089e-08  0.966534  0.989309
3.03534e-08  0.967097  0.989872
3.17404e-08  0.967709  0.990476
3.32683e-08  0.968377  0.991128
3.49592e-08  0.969109  0.991834
3.68402e-08  0.969915  0.992605
3.89446e-08  0.970807  0.993453
4.13142e-08  0.9718  0.994393
4.40016e-08  0.972913  0.995443
4.70746e-08  0.974173  0.996629
5.06217e-08  0.97573  0.998096
5.47605e-08  0.962356  0.980281
1.82044e-07  0.568989  0.457088
1.09624e-05  0.274288  0.0625643
0.00887594  0.122136  0.0109438
