0.748962  0.0507347  -0.0225008
0.885213  0.0728603  -0.0261599
0.927973  0.0700661  -0.0256128
0.929862  0.073389  -0.0259857
0.935182  0.0779617  -0.0265257
0.941202  0.0823218  -0.0271204
0.945464  0.0865623  -0.0277375
0.948811  0.0907608  -0.0283616
0.951668  0.0948971  -0.0289844
0.954148  0.0989595  -0.0295988
0.956339  0.102942  -0.0301991
0.958307  0.106842  -0.0307812
0.960101  0.110654  -0.0313419
0.961757  0.114377  -0.0318786
0.9633  0.118006  -0.0323892
0.964752  0.121541  -0.0328721
0.966129  0.124978  -0.0333259
0.967444  0.128314  -0.0337493
0.968685  0.131547  -0.0341415
0.969849  0.134691  -0.0345036
0.971414  0.137747  -0.0348377
0.97252  0.140491  -0.035109
0.970716  0.143468  -0.0353919
0.977278  0.146799  -0.0357718
0.981981  0.148193  -0.0355993
0.979128  0.150242  -0.03559
0.976631  0.152618  -0.0356925
0.977475  0.1551  -0.0358459
0.979285  0.157262  -0.0359366
0.980258  0.159299  -0.0359861
0.981146  0.161237  -0.0360057
0.982027  0.163062  -0.0359944
0.982892  0.164773  -0.0359525
0.983739  0.16637  -0.0358806
0.98457  0.167853  -0.0357794
0.985383  0.169222  -0.0356495
0.986181  0.170477  -0.0354918
0.986962  0.17162  -0.0353068
0.98773  0.17265  -0.0350954
0.988485  0.173568  -0.0348581
0.9892  0.174375  -0.0345959
0.990003  0.175075  -0.0343096
0.990782  0.175643  -0.033998
0.990716  0.176157  -0.0336641
0.997735  0.176564  -0.0332664
0.96962  0.176351  -0.0329416
0.369263  0.175453  -0.0323895
1.46267e-08  0.173004  -0.0317661
1.43947e-08  0.09207  -0.0114132
1.41732e-08  0.0812144  -0.00850233
1.39615e-08  0.0798859  -0.00810426
1.37593e-08  0.0789308  -0.0078221
1.35659e-08  0.0779183  -0.0075401
1.33809e-08  0.0768269  -0.00725488
1.32039e-08  0.0756591  -0.00696698
1.30345e-08  0.0744169  -0.00667717
1.28723e-08  0.0731013  -0.00638606
1.2717e-08  0.0717132  -0.00609428
1.25683e-08  0.0702538  -0.00580243
1.24259e-08  0.0687241  -0.00551117
1.22895e-08  0.0671255  -0.00522112
1.21588e-08  0.065459  -0.00493288
1.20336e-08  0.0637261  -0.00464706
1.19137e-08  0.0619279  -0.00436429
1.17989e-08  0.0600658  -0.00408514
1.16889e-08  0.0581411  -0.00381022
1.15836e-08  0.0561551  -0.00354011
1.14829e-08  0.0541093  -0.00327539
1.13864e-08  0.052005  -0.00301665
1.12942e-08  0.0498436  -0.00276446
1.12061e-08  0.0476263  -0.00251935
1.11218e-08  0.0453545  -0.00228192
1.10414e-08  0.0430295  -0.00205269
1.09646e-08  0.0406525  -0.00183224
1.08914e-08  0.0382247  -0.0016211
1.08216e-08  0.0357471  -0.00141984
1.07552e-08  0.0332209  -0.00122903
1.0692e-08  0.0306471  -0.00104924
1.06321e-08  0.0280262  -0.00088105
1.05752e-08  0.0253643  -0.00072539
1.05214e-08  0.0227263  -0.000586674
1.04705e-08  0.0200786  -0.000462148
1.04226e-08  0.0174124  -0.000351426
1.03774e-08  0.0147327  -0.00025497
1.0335e-08  0.012046  -0.000173223
1.02953e-08  0.00935689  -0.000106564
1.02583e-08  0.00666913  -5.54176e-05
1.02239e-08  0.00399236  -2.04318e-05
1.01921e-08  0.0013479  -2.41484e-06
1.01628e-08  0.000240956  -0.000115313
1.01361e-08  0.000276978  -0.000173434
1.01118e-08  0.000250628  0.000199703
1.009e-08  0.000224726  -0.000229996
1.00705e-08  0.000210344  -0.000256839
1.00535e-08  0.000203231  -0.000270767
1.00389e-08  0.000192394  0.000266741
1.00266e-08  0.000164678  -0.000250858
1.00166e-08  0.000120224  -0.00023408
1.0009e-08  6.70915e-05  -0.000235072
1.00037e-08  1.21907e-05  -0.000270204
1.00007e-08  7.27575e-05  0.000194595
1e-08  -0.000218042  -2.23495e-07
1.00017e-08  -0.000106318  0.000262609
1.00057e-08  -5.09075e-05  0.000255386
1.00119e-08  -9.10106e-05  0.000230834
1.00205e-08  -0.000141669  0.000239457
1.00315e-08  -0.000179104  0.000258214
1.00448e-08  -0.000198554  0.000270381
1.00604e-08  -0.000206624  0.000266603
1.00785e-08  -0.000215498  0.000246269
1.00989e-08  -0.000234262  -0.00021718
1.01218e-08  -0.000262563  -0.000188196
1.01471e-08  -0.000278356  0.000162666
1.0175e-08  -0.000270805  2.39742e-05
1.02053e-08  -0.00211475  -5.81293e-06
1.02382e-08  -0.00432029  -2.33512e-05
1.02737e-08  -0.00664163  -5.35332e-05
1.03118e-08  -0.00908193  -9.77072e-05
1.03527e-08  -0.0115971  -0.000156249
1.03962e-08  -0.014262  -0.000232863
1.04426e-08  -0.0170268  -0.000328276
1.04918e-08  -0.0200058  -0.00045025
1.05439e-08  -0.0231571  -0.000601762
1.0599e-08  -0.0267163  -0.000806496
1.06572e-08  -0.0323893  -0.00124237
1.07184e-08  -0.0386175  -0.00184456
1.0783e-08  -0.0454298  -0.0026299
1.08508e-08  -0.0529684  -0.00363105
1.0922e-08  -0.0613834  -0.00488754
1.09967e-08  -0.0708707  -0.00645162
1.10751e-08  -0.081697  -0.00839433
1.11571e-08  -0.0942416  -0.0108159
1.1243e-08  -0.109089  -0.0138684
1.13329e-08  -0.127817  -0.0179302
1.14269e-08  -0.174389  -0.0282413
1.15251e-08  -0.526562  -0.105309
1.16278e-08  -1.05239  -0.224339
1.1735e-08  -1.22271  -0.266518
1.1847e-08  -1.2391  -0.273535
1.1964e-08  -1.22907  -0.275193
1.20861e-08  -1.20601  -0.276013
1.22136e-08  -1.18929  -0.276628
1.23467e-08  -1.17351  -0.27702
1.24856e-08  -1.15723  -0.277164
1.26307e-08  -1.13893  -0.276976
1.27821e-08  -1.11834  -0.275913
1.29403e-08  -1.09708  -0.274427
1.31055e-08  -1.07602  -0.272754
1.32781e-08  -1.05464  -0.270858
1.34584e-08  -1.03273  -0.268906
1.36469e-08  -1.01116  -0.26653
1.3844e-08  -0.989702  -0.26401
1.40502e-08  -0.968259  -0.261489
1.4266e-08  -0.946793  -0.258775
1.44919e-08  -0.925266  -0.255817
1.47285e-08  -0.903642  -0.252641
1.49765e-08  -0.881893  -0.249305
1.52366e-08  -0.860002  -0.245791
1.55095e-08  -0.83795  -0.24203
1.57962e-08  -0.81571  -0.238013
1.60973e-08  -0.793149  -0.233774
1.64141e-08  -0.768045  -0.228852
1.67476e-08  -0.746686  -0.224739
1.71304e-08  -0.755175  -0.229164
1.77154e-08  -0.779409  -0.238718
1.82826e-08  -0.799089  -0.247096
1.88146e-08  -0.817554  -0.25524
1.93527e-08  -0.833015  -0.262491
1.99256e-08  -0.84724  -0.269391
2.05377e-08  -0.860402  -0.27596
2.11721e-08  -0.873257  -0.282392
2.17984e-08  -0.885707  -0.288665
2.24078e-08  -0.896383  -0.29444
2.30124e-08  -0.904859  -0.299618
2.36231e-08  -0.911079  -0.303925
2.42556e-08  -0.916087  -0.307098
2.48866e-08  -0.920913  -0.309538
2.53111e-08  -0.925459  -0.312211
2.48186e-08  -0.930009  -0.315118
2.15024e-08  -0.930875  -0.317419
1.7637e-08  -0.868892  -0.298888
1.68962e-08  -0.791955  -0.275187
1.75426e-08  -0.724353  -0.254314
1.89625e-08  -0.655845  -0.232395
2.22729e-08  -0.565489  -0.201487
3.32422e-08  -0.424009  -0.152098
9.01279e-08  -0.32317  -0.11637
3.6677e-07  -0.28509  -0.102614
1.51665e-06  -0.260683  -0.0939095
5.27767e-06  -0.262544  -0.0944185
8.16169e-06  -0.321729  -0.113204
4.77244e-06  -0.554405  -0.190546
4.43803e-05  0.72213  0.16495
0.0122332  0.769499  0.171638
1.6201  0.377129  0.0752768
5.62319  0.0291788  0.0229071
