1.01447  0.00337774  -5.45644e-05
1.01478  0.00344922  -5.07497e-05
1.0148  0.00358549  -4.92966e-05
1.01481  0.0037523  -4.90324e-05
1.01482  0.00393636  -4.94642e-05
1.01483  0.00413181  -5.03489e-05
1.01483  0.0043358  -5.15537e-05
1.01484  0.00454696  -5.30012e-05
1.01484  0.00476465  -5.46445e-05
1.01484  0.00498871  -5.64551e-05
1.01484  0.00521926  -5.84156e-05
1.01484  0.00545662  -6.05161e-05
1.01484  0.00570124  -6.27517e-05
1.01484  0.00595369  -6.51213e-05
1.01484  0.00621464  -6.76261e-05
1.01484  0.00648483  -7.02698e-05
1.01484  0.00676506  -7.30571e-05
1.01484  0.00705621  -7.59942e-05
1.01484  0.00735921  -7.90883e-05
1.01483  0.00767504  -8.23474e-05
1.01483  0.00800476  -8.57799e-05
1.01483  0.00834934  -8.93947e-05
1.01479  0.00871049  -9.32031e-05
1.01499  0.0090885  -9.72098e-05
1.01499  0.0085943  -8.74853e-05
1.01478  0.00904373  -9.24551e-05
1.01481  0.00951674  -9.76909e-05
1.0148  0.0100127  -0.00010318
1.0148  0.0105334  -0.000108934
1.01479  0.0110802  -0.000114965
1.01478  0.0116543  -0.000121279
1.01478  0.0122572  -0.000127886
1.01477  0.0128902  -0.000134793
1.01476  0.0135547  -0.000142008
1.01476  0.0142519  -0.000149536
1.01475  0.0149832  -0.000157383
1.01474  0.0157496  -0.000165551
1.01473  0.0165523  -0.000174044
1.01473  0.0173923  -0.000182861
1.01472  0.0182704  -0.000192003
1.01471  0.0191874  -0.000201464
1.0147  0.0201437  -0.00021124
1.01469  0.0211397  -0.000221324
1.01468  0.0221754  -0.000231703
1.01462  0.0232512  -0.000242369
1.01448  0.0243703  -0.000253354
1.48698e-08  0.0242488  -0.000250306
1.46267e-08  0.0166121  -0.000171518
1.43947e-08  0.0173644  -0.000178757
1.41732e-08  0.0181179  -0.000185982
1.39615e-08  0.018886  -0.000193274
1.37593e-08  0.0196666  -0.00020061
1.35659e-08  0.0204562  -0.000207961
1.33809e-08  0.0212511  -0.000215293
1.32039e-08  0.0220465  -0.00022257
1.30345e-08  0.0228371  -0.00022975
1.28723e-08  0.0236167  -0.00023679
1.2717e-08  0.0243781  -0.000243643
1.25683e-08  0.025113  -0.000250256
1.24259e-08  0.025812  -0.000256572
1.22895e-08  0.0264644  -0.000262533
1.21588e-08  0.0270582  -0.000268074
1.20336e-08  0.0275794  -0.000273126
1.19137e-08  0.0280128  -0.00027762
1.17989e-08  0.0283409  -0.000281477
1.16889e-08  0.0285444  -0.00028462
1.15836e-08  0.0286012  -0.000286965
1.14829e-08  0.0284873  -0.000288428
1.13864e-08  0.0281763  -0.000288923
1.12942e-08  0.0276372  -0.000288358
1.12061e-08  0.0268371  -0.000286641
1.11218e-08  0.0257391  -0.000283679
1.10414e-08  0.0243024  -0.000279374
1.09646e-08  0.0224818  -0.000273622
1.08914e-08  0.0202276  -0.000266307
1.08216e-08  0.0174847  -0.000257278
1.07552e-08  0.0141933  -0.000246286
1.0692e-08  0.0102867  -0.000232715
1.06321e-08  0.00569232  -0.000213733
1.05752e-08  0.000725125  -4.79045e-05
1.05214e-08  -0.00522991  -0.000184501
1.04705e-08  -0.0123813  -0.000172331
1.04226e-08  -0.0205899  -0.000154373
1.03774e-08  -0.0299704  -0.000133882
1.0335e-08  -0.040648  -0.0001116
1.02953e-08  -0.0527601  -8.79004e-05
1.02583e-08  -0.0664548  -6.30965e-05
1.02239e-08  -0.0818964  -3.75142e-05
1.01921e-08  -0.0992611  -1.15302e-05
1.01628e-08  -0.118743  1.44104e-05
1.01361e-08  -0.140552  3.97814e-05
1.01118e-08  -0.164917  6.39617e-05
1.009e-08  -0.192086  8.62205e-05
1.00705e-08  -0.222332  0.000105708
1.00535e-08  -0.255948  0.000121422
1.00389e-08  -0.293254  0.000132207
1.00266e-08  -0.334598  0.00013669
1.00166e-08  -0.380358  0.000133505
1.0009e-08  -0.431142  0.000120798
1.00037e-08  -0.490695  9.69824e-05
1.00007e-08  -0.53917  5.96533e-05
1e-08  0.585131  3.08695e-05
1.00017e-08  0.606781  8.57459e-05
1.00057e-08  0.621072  0.000141582
1.00119e-08  0.633842  0.000191802
1.00205e-08  0.644929  0.000235453
1.00315e-08  0.654032  0.000270365
1.00448e-08  0.660818  0.000293918
1.00604e-08  0.664932  0.000303368
1.00785e-08  0.665684  0.000295535
1.00989e-08  0.663331  0.000266742
1.01218e-08  0.656857  0.00021257
1.01471e-08  0.645757  0.000128325
1.0175e-08  0.629498  8.69041e-06
1.02053e-08  0.607428  -0.000152345
1.02382e-08  0.578829  -0.000361526
1.02737e-08  0.542913  -0.000626399
1.03118e-08  0.498812  -0.000955403
1.03527e-08  0.445583  -0.00135793
1.03962e-08  0.382176  -0.00184443
1.04426e-08  0.307457  -0.00242642
1.04918e-08  0.220164  -0.00311639
1.05439e-08  0.118916  -0.00392602
1.0599e-08  0.00224497  -0.0046315
1.06572e-08  -0.131311  -0.00599046
1.07184e-08  -0.284021  -0.00728336
1.0783e-08  -0.457513  -0.00876981
1.08508e-08  -0.653896  -0.0104764
1.0922e-08  -0.875515  -0.01243
1.09967e-08  -1.12491  -0.0146594
1.10751e-08  -1.40482  -0.0171961
1.11571e-08  -1.71831  -0.020075
1.1243e-08  -2.06863  -0.0233339
1.13329e-08  -2.45937  -0.0270143
1.14269e-08  -2.89443  -0.0311615
1.15251e-08  -3.37802  -0.0358249
1.16278e-08  -3.9147  -0.0410579
1.1735e-08  -4.50944  -0.0469188
1.1847e-08  -5.16753  -0.0534703
1.1964e-08  -5.89474  -0.0607802
1.20861e-08  -6.69722  -0.0689209
1.22136e-08  -7.58152  -0.07797
1.23467e-08  -8.55465  -0.0880095
1.24856e-08  -9.62402  -0.0991262
1.26307e-08  -10.7974  -0.111411
1.27821e-08  -12.083  -0.124957
1.29403e-08  -13.4891  -0.139861
1.31055e-08  -15.0246  -0.156221
1.32781e-08  -16.6988  -0.174139
1.34584e-08  -18.5311  -0.193823
1.36469e-08  -20.6288  -0.216545
1.3844e-08  -23.5495  -0.248312
1.40502e-08  -26.2559  -0.273572
1.4266e-08  -27.0512  -0.270278
1.44919e-08  -23.8947  -0.127269
1.47285e-08  23.8344  1.79075
1.49765e-08  46.3598  2.81429
1.52366e-08  45.7373  2.81185
1.55095e-08  2.34425  1.16232
1.57962e-08  -41.6449  -0.39973
1.60973e-08  -47.2558  -0.512549
1.64141e-08  -50.7  -0.549906
1.67476e-08  -54.2444  -0.587881
1.70989e-08  -57.7873  -0.625418
1.74694e-08  -61.2774  -0.661992
1.78605e-08  -64.6675  -0.69694
1.82738e-08  -67.9045  -0.729981
1.87112e-08  -70.9342  -0.761257
1.91746e-08  -73.7087  -0.790456
1.96662e-08  -76.1961  -0.816273
2.01884e-08  -78.3766  -0.837482
2.07441e-08  -80.2219  -0.854297
2.13362e-08  -81.6866  -0.86783
2.19684e-08  -82.7345  -0.878371
2.26446e-08  -83.3772  -0.885132
2.33694e-08  -83.6896  -0.887886
2.41478e-08  -83.7871  -0.888114
2.49859e-08  -83.7851  -0.886326
2.58904e-08  -83.6355  -0.88104
2.68693e-08  -83.1907  -0.8714
2.79319e-08  -82.449  -0.857145
2.9089e-08  -81.5943  -0.838215
3.03534e-08  -80.7394  -0.814826
3.17404e-08  -79.6278  -0.78698
3.32683e-08  -77.6599  -0.751823
3.49592e-08  -73.887  -0.702688
3.68402e-08  -67.0005  -0.63244
3.89446e-08  -56.1467  -0.536809
4.13142e-08  -41.7019  -0.41494
4.40016e-08  -25.5547  -0.265273
4.70746e-08  -10.9243  -0.117067
2.96614e-07  -0.368803  -0.00438912
4.08831e-05  -0.146309  -0.00178819
0.00249606  -1.16505e-05  -4.64808e-05
0.364669  0.027997  3.40751e-05
6.97453  -0.00110558  1.38717e-07
