1.01417  0.00402062  -8.02962e-05
1.01466  0.00414093  -7.60849e-05
1.01469  0.0043241  -7.47554e-05
1.01472  0.00453744  -7.48906e-05
1.01474  0.00476724  -7.58822e-05
1.01475  0.00500761  -7.74283e-05
1.01476  0.00525566  -7.93629e-05
1.01476  0.00550995  -8.15892e-05
1.01477  0.00576983  -8.40481e-05
1.01477  0.00603509  -8.67037e-05
1.01477  0.00630582  -8.95338e-05
1.01477  0.00658228  -9.25259e-05
1.01478  0.00686491  -9.56739e-05
1.01478  0.00715424  -9.8976e-05
1.01478  0.0074509  -0.000102434
1.01477  0.00775558  -0.000106052
1.01477  0.00806908  -0.000109836
1.01477  0.00839224  -0.000113794
1.01477  0.00872594  -0.000117936
1.01477  0.00907116  -0.000122269
1.01476  0.00942893  -0.000126807
1.01476  0.00980003  -0.000131559
1.0147  0.0101868  -0.000136541
1.01498  0.0105889  -0.000141762
1.01498  0.0101172  -0.000129485
1.01469  0.0105866  -0.000135906
1.01473  0.0110795  -0.000142669
1.01472  0.0115934  -0.000149727
1.01471  0.0121305  -0.000157101
1.0147  0.0126921  -0.000164801
1.01469  0.0132795  -0.000172838
1.01468  0.0138942  -0.000181223
1.01467  0.0145374  -0.000189963
1.01466  0.0152104  -0.000199067
1.01465  0.0159146  -0.000208542
1.01464  0.0166512  -0.000218391
1.01463  0.0174214  -0.000228619
1.01462  0.0182263  -0.000239225
1.0146  0.0190668  -0.00025021
1.01459  0.0199439  -0.000261568
1.01458  0.0208582  -0.000273293
1.01457  0.0218103  -0.000285375
1.01455  0.0228004  -0.0002978
1.01454  0.0238285  -0.000310552
1.01445  0.0248955  -0.000323617
1.01415  0.0260051  -0.000337045
1.48698e-08  0.0258314  -0.000332701
1.46267e-08  0.0115367  -0.000140253
1.43947e-08  0.0119766  -0.000145363
1.41732e-08  0.0124259  -0.000150544
1.39615e-08  0.0128826  -0.000155739
1.37593e-08  0.0133457  -0.000160929
1.35659e-08  0.0138132  -0.00016609
1.33809e-08  0.0142826  -0.000171192
1.32039e-08  0.0147512  -0.000176203
1.30345e-08  0.0152157  -0.00018109
1.28723e-08  0.0156723  -0.000185812
1.2717e-08  0.0161166  -0.000190331
1.25683e-08  0.0165435  -0.000194602
1.24259e-08  0.0169473  -0.000198575
1.22895e-08  0.0173215  -0.000202202
1.21588e-08  0.0176586  -0.000205427
1.20336e-08  0.0179502  -0.000208193
1.19137e-08  0.0181869  -0.00021044
1.17989e-08  0.0183581  -0.000212103
1.16889e-08  0.0184518  -0.000213118
1.15836e-08  0.0184544  -0.000213414
1.14829e-08  0.0183516  -0.00021292
1.13864e-08  0.018127  -0.000211565
1.12942e-08  0.0177615  -0.000209271
1.12061e-08  0.017235  -0.000205959
1.11218e-08  0.0165249  -0.000201548
1.10414e-08  0.015606  -0.000195949
1.09646e-08  0.0144508  -0.000189061
1.08914e-08  0.0130286  -0.000180759
1.08216e-08  0.0113057  -0.000170854
1.07552e-08  0.00924525  -0.000158994
1.0692e-08  0.00680635  -0.000144248
1.06321e-08  0.00394438  -0.000122589
1.05752e-08  0.000852445  -1.5637e-05
1.05214e-08  -0.00197837  -9.22145e-05
1.04705e-08  -0.00639672  -9.03333e-05
1.04226e-08  -0.0114668  -7.64233e-05
1.03774e-08  -0.0172588  -5.91366e-05
1.0335e-08  -0.0238502  -4.00067e-05
1.02953e-08  -0.0313258  -1.96464e-05
1.02583e-08  -0.0397771  1.53661e-06
1.02239e-08  -0.0493059  2.31765e-05
1.01921e-08  -0.0600211  4.48821e-05
1.01628e-08  -0.0720431  6.62118e-05
1.01361e-08  -0.0855023  8.66566e-05
1.01118e-08  -0.100541  0.000105625
1.009e-08  -0.117315  0.000122427
1.00705e-08  -0.135991  0.000136267
1.00535e-08  -0.156755  0.000146212
1.00389e-08  -0.179807  0.000151144
1.00266e-08  -0.205364  0.000149934
1.00166e-08  -0.233668  0.000141193
1.0009e-08  -0.265277  0.00012329
1.00037e-08  -0.302271  9.4687e-05
1.00007e-08  -0.330393  5.37023e-05
1e-08  0.35745  2.40883e-05
1.00017e-08  0.371369  8.00934e-05
1.00057e-08  0.380219  0.000141601
1.00119e-08  0.388055  0.000200009
1.00205e-08  0.394867  0.000255126
1.00315e-08  0.400475  0.000305442
1.00448e-08  0.404674  0.000349021
1.00604e-08  0.407252  0.000383778
1.00785e-08  0.407741  0.000407086
1.00989e-08  0.406377  0.000416554
1.01218e-08  0.40252  0.000408819
1.01471e-08  0.395816  0.00037995
1.0175e-08  0.385953  0.000325888
1.02053e-08  0.37253  0.000241978
1.02382e-08  0.3551  0.000122915
1.02737e-08  0.33317  -3.72691e-05
1.03118e-08  0.306195  -0.000245283
1.03527e-08  0.27358  -0.000508624
1.03962e-08  0.234659  -0.000835663
1.04426e-08  0.188706  -0.00123557
1.04918e-08  0.134912  -0.00171795
1.05439e-08  0.0723797  -0.00228955
1.0599e-08  0.000411929  -0.00244831
1.06572e-08  -0.0819957  -0.00379199
1.07184e-08  -0.177075  -0.0047611
1.0783e-08  -0.285411  -0.00588165
1.08508e-08  -0.408436  -0.00718019
1.0922e-08  -0.547764  -0.00868093
1.09967e-08  -0.705168  -0.01041
1.10751e-08  -0.882599  -0.012396
1.11571e-08  -1.08226  -0.014671
1.1243e-08  -1.30655  -0.0172706
1.13329e-08  -1.55819  -0.0202345
1.14269e-08  -1.84016  -0.0236069
1.15251e-08  -2.15581  -0.0274371
1.16278e-08  -2.50885  -0.0317798
1.1735e-08  -2.90346  -0.0366962
1.1847e-08  -3.34426  -0.0422543
1.1964e-08  -3.83646  -0.0485298
1.20861e-08  -4.38587  -0.0556066
1.22136e-08  -4.99897  -0.0635776
1.23467e-08  -5.68304  -0.072546
1.24856e-08  -6.44623  -0.0826252
1.26307e-08  -7.29763  -0.0939397
1.27821e-08  -8.24761  -0.106629
1.29403e-08  -9.31031  -0.120887
1.31055e-08  -10.5257  -0.13736
1.32781e-08  -12.1047  -0.159512
1.34584e-08  -14.0681  -0.182546
1.36469e-08  -15.2841  -0.19227
1.3844e-08  -15.5499  -0.18643
1.40502e-08  -14.7967  -0.134927
1.4266e-08  -11.8052  -0.00528953
1.44919e-08  -6.54192  0.200858
1.47285e-08  4.31289  0.658872
1.49765e-08  12.7932  1.05236
1.52366e-08  15.9777  1.32045
1.55095e-08  -10.4062  0.363529
1.57962e-08  -33.7267  -0.408459
1.60973e-08  -38.1233  -0.493057
1.64141e-08  -40.6519  -0.522
1.67476e-08  -42.8953  -0.546633
1.70989e-08  -44.839  -0.567082
1.74694e-08  -46.4456  -0.583228
1.78605e-08  -47.6907  -0.595097
1.82738e-08  -48.5787  -0.602868
1.87112e-08  -49.15  -0.607074
1.91746e-08  -49.4715  -0.608699
1.96662e-08  -49.6198  -0.60897
2.01884e-08  -49.6665  -0.608395
2.07441e-08  -49.6679  -0.606082
2.13362e-08  -49.6114  -0.601457
2.19684e-08  -49.4224  -0.594344
2.26446e-08  -49.0554  -0.584761
2.33694e-08  -48.528  -0.572864
2.41478e-08  -47.9058  -0.55887
2.49859e-08  -47.2158  -0.542805
2.58904e-08  -46.3432  -0.524346
2.68693e-08  -45.0269  -0.502921
2.79319e-08  -43.0128  -0.477945
2.9089e-08  -40.2355  -0.449061
3.03534e-08  -36.8221  -0.416401
3.17404e-08  -32.9476  -0.380651
3.32683e-08  -28.757  -0.342535
3.49592e-08  -24.3854  -0.301999
3.68402e-08  -19.9373  -0.258061
3.89446e-08  -15.4807  -0.20927
4.13142e-08  -11.0073  -0.153799
4.40016e-08  -6.44865  -0.0910658
4.70746e-08  -2.1063  -0.0306213
7.66104e-07  -0.288895  -0.0037357
4.54702e-05  -0.129162  -0.00216812
0.00247011  0.00528602  -6.70085e-05
0.374343  0.0784224  0.000265733
6.96457  -0.00231997  -7.97699e-06
