0.00423265  -0.0818405  0.051026
4.78857e-05  0.437474  0.585149
1.46236e-07  0.872497  0.592804
1.19694e-07  0.987931  0.91257
1.01327e-07  1.01511  0.986627
8.78637e-08  1.0142  0.990739
7.75747e-08  1.01109  0.988199
6.94572e-08  1.00776  0.984931
6.28908e-08  1.00515  0.982171
5.74708e-08  1.00305  0.979973
5.29222e-08  1.00131  0.978153
4.90513e-08  0.999851  0.976618
4.57179e-08  0.998603  0.975304
4.2818e-08  0.997523  0.974168
4.02728e-08  0.996579  0.973176
3.80216e-08  0.995745  0.972303
3.60165e-08  0.995003  0.971529
3.42199e-08  0.994337  0.97084
3.26012e-08  0.993733  0.970221
3.11356e-08  0.993184  0.969664
2.98026e-08  0.99268  0.969161
2.85855e-08  0.992214  0.968704
2.747e-08  0.991782  0.968288
2.64441e-08  0.991377  0.967908
2.54978e-08  0.990998  0.967561
2.46224e-08  0.990639  0.967243
2.38105e-08  0.990298  0.96695
2.30555e-08  0.989973  0.966682
2.23519e-08  0.989661  0.966435
2.16949e-08  0.989361  0.966208
2.10802e-08  0.989071  0.965999
2.05039e-08  0.98879  0.965806
1.99628e-08  0.988515  0.965629
1.94539e-08  0.988247  0.965465
1.89746e-08  0.987984  0.965315
1.85225e-08  0.987724  0.965178
1.80955e-08  0.987469  0.965052
1.76918e-08  0.987216  0.964937
1.73097e-08  0.986965  0.964832
1.69475e-08  0.986716  0.964736
1.66039e-08  0.986468  0.96465
1.62777e-08  0.98622  0.964572
1.59676e-08  0.985973  0.964503
1.56728e-08  0.985725  0.964441
1.53921e-08  0.985477  0.964387
1.51247e-08  0.985228  0.96434
1.48698e-08  0.984978  0.9643
1.46267e-08  0.984727  0.964267
1.43947e-08  0.984475  0.96424
1.41732e-08  0.984221  0.964219
1.39615e-08  0.983965  0.964204
1.37593e-08  0.983708  0.964194
1.35659e-08  0.983448  0.964191
1.33809e-08  0.983187  0.964192
1.32039e-08  0.982923  0.964199
1.30345e-08  0.982657  0.964211
1.28723e-08  0.982389  0.964227
1.2717e-08  0.982118  0.964249
1.25683e-08  0.981845  0.964275
1.24259e-08  0.98157  0.964306
1.22895e-08  0.981293  0.964341
1.21588e-08  0.981013  0.964381
1.20336e-08  0.980731  0.964425
1.19137e-08  0.980447  0.964473
1.17989e-08  0.98016  0.964525
1.16889e-08  0.979872  0.964581
1.15836e-08  0.979581  0.964641
1.14829e-08  0.979288  0.964705
1.13864e-08  0.978993  0.964773
1.12942e-08  0.978696  0.964845
1.12061e-08  0.978397  0.96492
1.11218e-08  0.978097  0.964999
1.10414e-08  0.977795  0.965082
1.09646e-08  0.977491  0.965168
1.08914e-08  0.977186  0.965257
1.08216e-08  0.976879  0.96535
1.07552e-08  0.976571  0.965446
1.0692e-08  0.976262  0.965545
1.06321e-08  0.975952  0.965648
1.05752e-08  0.975642  0.965754
1.05214e-08  0.97533  0.965863
1.04705e-08  0.975018  0.965975
1.04226e-08  0.974705  0.966091
1.03774e-08  0.974392  0.966209
1.0335e-08  0.974078  0.96633
1.02953e-08  0.973764  0.966454
1.02583e-08  0.973451  0.966581
1.02239e-08  0.973137  0.966711
1.01921e-08  0.972824  0.966844
1.01628e-08  0.972512  0.96698
1.01361e-08  0.9722  0.967118
1.01118e-08  0.971889  0.967259
1.009e-08  0.971578  0.967402
1.00705e-08  0.971269  0.967549
1.00535e-08  0.970961  0.967697
1.00389e-08  0.970655  0.967849
1.00266e-08  0.97035  0.968003
1.00166e-08  0.970046  0.968159
1.0009e-08  0.969745  0.968318
1.00037e-08  0.969446  0.968479
1.00007e-08  0.969148  0.968642
1e-08  0.968853  0.968808
1.00017e-08  0.968561  0.968976
1.00057e-08  0.968271  0.969147
1.00119e-08  0.967984  0.969319
1.00205e-08  0.9677  0.969494
1.00315e-08  0.967419  0.969671
1.00448e-08  0.967142  0.96985
1.00604e-08  0.966868  0.97003
1.00785e-08  0.966597  0.970213
1.00989e-08  0.96633  0.970398
1.01218e-08  0.966067  0.970585
1.01471e-08  0.965808  0.970774
1.0175e-08  0.965554  0.970965
1.02053e-08  0.965303  0.971157
1.02382e-08  0.965057  0.971352
1.02737e-08  0.964816  0.971548
1.03118e-08  0.964579  0.971746
1.03527e-08  0.964348  0.971945
1.03962e-08  0.964121  0.972146
1.04426e-08  0.9639  0.972349
1.04918e-08  0.963684  0.972554
1.05439e-08  0.963474  0.97276
1.0599e-08  0.963269  0.972967
1.06572e-08  0.96307  0.973177
1.07184e-08  0.962876  0.973387
1.0783e-08  0.962689  0.973599
1.08508e-08  0.962508  0.973813
1.0922e-08  0.962333  0.974028
1.09967e-08  0.962165  0.974244
1.10751e-08  0.962003  0.974462
1.11571e-08  0.961848  0.974681
1.1243e-08  0.961699  0.974902
1.13329e-08  0.961558  0.975124
1.14269e-08  0.961423  0.975347
1.15251e-08  0.961296  0.975572
1.16278e-08  0.961176  0.975798
1.1735e-08  0.961063  0.976025
1.1847e-08  0.960958  0.976253
1.1964e-08  0.96086  0.976483
1.20861e-08  0.96077  0.976715
1.22136e-08  0.960688  0.976947
1.23467e-08  0.960614  0.977181
1.24856e-08  0.960548  0.977417
1.26307e-08  0.96049  0.977653
1.27821e-08  0.960441  0.977892
1.29403e-08  0.9604  0.978132
1.31055e-08  0.960368  0.978373
1.32781e-08  0.960344  0.978616
1.34584e-08  0.96033  0.978861
1.36469e-08  0.960325  0.979108
1.3844e-08  0.960329  0.979357
1.40502e-08  0.960342  0.979607
1.4266e-08  0.960365  0.97986
1.44919e-08  0.960397  0.980115
1.47285e-08  0.96044  0.980372
1.49765e-08  0.960493  0.980632
1.52366e-08  0.960556  0.980895
1.55095e-08  0.96063  0.981161
1.57962e-08  0.960715  0.98143
1.60973e-08  0.960811  0.981702
1.64141e-08  0.960919  0.981978
1.67476e-08  0.961039  0.982259
1.70989e-08  0.961171  0.982543
1.74694e-08  0.961316  0.982833
1.78605e-08  0.961474  0.983128
1.82738e-08  0.961646  0.983429
1.87112e-08  0.961832  0.983736
1.91746e-08  0.962033  0.98405
1.96662e-08  0.96225  0.984372
2.01884e-08  0.962484  0.984703
2.07441e-08  0.962735  0.985043
2.13362e-08  0.963004  0.985394
2.19684e-08  0.963294  0.985756
2.26446e-08  0.963604  0.986132
2.33694e-08  0.963937  0.986522
2.41478e-08  0.964295  0.986929
2.49859e-08  0.964679  0.987355
2.58904e-08  0.965093  0.987801
2.68693e-08  0.965538  0.988271
2.79319e-08  0.966018  0.988768
2.9089e-08  0.966538  0.989295
3.03534e-08  0.9671  0.989858
3.17404e-08  0.967712  0.990462
3.32683e-08  0.96838  0.991113
3.49592e-08  0.969111  0.991819
3.68402e-08  0.969917  0.992589
3.89446e-08  0.970808  0.993437
4.13142e-08  0.9718  0.994375
4.40016e-08  0.972912  0.995425
4.70746e-08  0.974171  0.99661
5.06217e-08  0.975741  0.99809
5.47605e-08  0.967096  0.987393
5.96514e-08  0.674072  0.62951
0.00031994  0.618662  0.553971
0.0128495  0.164192  0.0926364
