0.915299  0.0364661  -0.00870511
0.970116  0.042661  -0.00916605
0.980403  0.0439203  -0.0092647
0.982317  0.0465137  -0.00945989
0.98498  0.0492468  -0.00968506
0.987063  0.0519127  -0.00992147
0.988633  0.0545481  -0.0101631
0.98992  0.057145  -0.0104057
0.991004  0.0596987  -0.0106466
0.991938  0.0622062  -0.0108835
0.992758  0.0646653  -0.0111148
0.993489  0.067074  -0.0113395
0.994151  0.0694306  -0.0115564
0.994757  0.0717336  -0.0117649
0.995317  0.0739818  -0.0119644
0.995839  0.0761741  -0.0121544
0.996329  0.0783094  -0.0123345
0.996791  0.0803868  -0.0125044
0.997227  0.0824051  -0.0126639
0.99764  0.0843666  -0.012813
0.998103  0.0862772  -0.0129524
0.998473  0.0880601  -0.0130755
0.997348  0.0899302  -0.0132001
1.0022  0.0918634  -0.0133421
1.00346  0.0924916  -0.0132084
0.999881  0.0938757  -0.0132377
0.999361  0.0955822  -0.0133375
1.0003  0.0971113  -0.0134206
1.00063  0.0985513  -0.0134865
1.00087  0.0999413  -0.0135433
1.00111  0.101275  -0.0135906
1.00135  0.102552  -0.0136287
1.00158  0.103772  -0.0136576
1.00179  0.104935  -0.0136778
1.002  0.106043  -0.0136892
1.00219  0.107097  -0.0136924
1.00238  0.108097  -0.0136873
1.00256  0.109045  -0.0136744
1.00273  0.10994  -0.0136537
1.00289  0.110784  -0.0136256
1.00304  0.111578  -0.01359
1.0032  0.112323  -0.0135473
1.00333  0.113016  -0.0134974
1.0032  0.113684  -0.0134413
1.00582  0.114276  -0.0133738
0.964515  0.114703  -0.0133127
1.48698e-08  0.112908  -0.0130363
1.46267e-08  0.0536949  -0.00388171
1.43947e-08  0.0492191  -0.00312222
1.41732e-08  0.048643  -0.00300984
1.39615e-08  0.0481259  -0.00291355
1.37593e-08  0.0475673  -0.00281613
1.35659e-08  0.0469624  -0.00271728
1.33809e-08  0.0463127  -0.00261724
1.32039e-08  0.0456186  -0.00251623
1.30345e-08  0.0448807  -0.00241444
1.28723e-08  0.0440995  -0.00231206
1.2717e-08  0.0432754  -0.00220932
1.25683e-08  0.042409  -0.00210639
1.24259e-08  0.0415008  -0.00200349
1.22895e-08  0.0405513  -0.0019008
1.21588e-08  0.0395609  -0.00179853
1.20336e-08  0.0385302  -0.00169686
1.19137e-08  0.0374597  -0.001596
1.17989e-08  0.0363497  -0.00149612
1.16889e-08  0.0352006  -0.00139743
1.15836e-08  0.0340129  -0.0013001
1.14829e-08  0.0327867  -0.00120434
1.13864e-08  0.0315224  -0.00111034
1.12942e-08  0.0302201  -0.00101828
1.12061e-08  0.0288799  -0.000928374
1.11218e-08  0.0275018  -0.000840822
1.10414e-08  0.0260857  -0.000755837
1.09646e-08  0.0246313  -0.000673643
1.08914e-08  0.0231383  -0.000594479
1.08216e-08  0.0216061  -0.000518603
1.07552e-08  0.0200341  -0.000446297
1.0692e-08  0.0184214  -0.000377873
1.06321e-08  0.0167669  -0.000313665
1.05752e-08  0.0150802  -0.000254497
1.05214e-08  0.0134659  -0.000204275
1.04705e-08  0.0118564  -0.000159734
1.04226e-08  0.0102391  -0.000120396
1.03774e-08  0.00862153  -8.6481e-05
1.0335e-08  0.0070106  -5.81053e-05
1.02953e-08  0.00541092  -3.53002e-05
1.02583e-08  0.00382568  -1.80766e-05
1.02239e-08  0.00227045  -6.56109e-06
1.01921e-08  0.000768579  -7.82515e-07
1.01628e-08  0.000175892  -5.87158e-05
1.01361e-08  0.000161802  -9.41421e-05
1.01118e-08  0.000147809  0.00011763
1.009e-08  0.00013345  -0.000135741
1.00705e-08  0.000119173  -0.000150146
1.00535e-08  0.000104883  -0.000161859
1.00389e-08  9.09872e-05  0.000171287
1.00266e-08  7.65317e-05  -0.000179095
1.00166e-08  6.23927e-05  -0.000185068
1.0009e-08  6.1504e-05  -0.000172106
1.00037e-08  0.000273112  -9.18743e-05
1.00007e-08  6.91995e-07  7.1118e-08
1e-08  0.000216555  1.79329e-07
1.00017e-08  1.8376e-05  2.62399e-07
1.00057e-08  -0.000233825  2.00498e-07
1.00119e-08  -0.000152896  8.52487e-05
1.00205e-08  -9.78061e-05  0.000170246
1.00315e-08  -8.41974e-05  0.000172032
1.00448e-08  -9.68381e-05  0.000167598
1.00604e-08  -0.000111176  0.00015708
1.00785e-08  -0.000125416  0.000144308
1.00989e-08  -0.000139466  -0.000128627
1.01218e-08  -0.000153654  -0.000108601
1.01471e-08  -0.000167827  8.12533e-05
1.0175e-08  -0.000185004  3.54755e-05
1.02053e-08  -0.000839724  -9.05065e-07
1.02382e-08  -0.00163319  -3.2581e-06
1.02737e-08  -0.0026216  -8.08613e-06
1.03118e-08  -0.00381177  -1.66236e-05
1.03527e-08  -0.00513258  -2.95052e-05
1.03962e-08  -0.00670838  -4.96923e-05
1.04426e-08  -0.00845718  -7.8271e-05
1.04918e-08  -0.0105661  -0.000122017
1.05439e-08  -0.0129601  -0.000184597
1.0599e-08  -0.0158837  -0.00028481
1.06572e-08  -0.022187  -0.000654642
1.07184e-08  -0.029421  -0.00120022
1.0783e-08  -0.037566  -0.0019132
1.08508e-08  -0.0468071  -0.0028132
1.0922e-08  -0.057345  -0.00392886
1.09967e-08  -0.06943  -0.00529941
1.10751e-08  -0.0833856  -0.00697701
1.11571e-08  -0.0996418  -0.00903164
1.1243e-08  -0.118788  -0.0115589
1.13329e-08  -0.141679  -0.0146961
1.14269e-08  -0.169657  -0.0186553
1.15251e-08  -0.20536  -0.0238407
1.16278e-08  -0.257128  -0.0314774
1.1735e-08  -0.359515  -0.0464885
1.1847e-08  -0.632328  -0.0850935
1.1964e-08  -1.34898  -0.183138
1.20861e-08  -1.91391  -0.263343
1.22136e-08  -2.07178  -0.288841
1.23467e-08  -2.09037  -0.294277
1.24856e-08  -2.0759  -0.295427
1.26307e-08  -2.03651  -0.295622
1.27821e-08  -2.00707  -0.295622
1.29403e-08  -1.97982  -0.295249
1.31055e-08  -1.95191  -0.294662
1.32781e-08  -1.92063  -0.293873
1.34584e-08  -1.88512  -0.292256
1.36469e-08  -1.84744  -0.289899
1.3844e-08  -1.80888  -0.28722
1.40502e-08  -1.7678  -0.284274
1.4266e-08  -1.72444  -0.280925
1.44919e-08  -1.6823  -0.277276
1.47285e-08  -1.64065  -0.273533
1.49765e-08  -1.59909  -0.269689
1.52366e-08  -1.55752  -0.265623
1.55095e-08  -1.5159  -0.261348
1.57962e-08  -1.47418  -0.256945
1.60973e-08  -1.43228  -0.252369
1.64141e-08  -1.39013  -0.2475
1.67476e-08  -1.34765  -0.242364
1.70989e-08  -1.3048  -0.237055
1.74694e-08  -1.26154  -0.23154
1.78605e-08  -1.21788  -0.225763
1.82738e-08  -1.17387  -0.219767
1.87112e-08  -1.12956  -0.213556
1.91746e-08  -1.08503  -0.207145
1.96662e-08  -1.04034  -0.200534
2.01884e-08  -0.995479  -0.193725
2.07441e-08  -0.950094  -0.186658
2.13362e-08  -0.900513  -0.178692
2.19684e-08  -0.859262  -0.172176
2.26444e-08  -0.869111  -0.175544
2.34788e-08  -0.882569  -0.179839
2.43585e-08  -0.892133  -0.18333
2.52981e-08  -0.903981  -0.187345
2.63112e-08  -0.913273  -0.190916
2.73052e-08  -0.921502  -0.19426
2.82334e-08  -0.928169  -0.196651
2.90383e-08  -0.934296  -0.198704
2.90359e-08  -0.935447  -0.200147
2.6593e-08  -0.915601  -0.197444
2.50175e-08  -0.818843  -0.178588
2.66402e-08  -0.730835  -0.161216
3.22501e-08  -0.601287  -0.133731
5.73857e-08  -0.393888  -0.0887248
2.28271e-07  -0.281922  -0.0640697
1.27284e-06  -0.252742  -0.0577361
5.88384e-06  -0.225724  -0.0512081
1.20665e-05  -0.193599  -0.0433234
9.14863e-06  -0.219067  -0.0460584
0.0184834  0.678332  0.0896286
1.60337  0.317327  0.0362942
5.69183  -0.0121374  0.000494061
