0.49602  0.0481183  -0.0443291
0.654907  0.118319  -0.0702809
0.817728  0.104888  -0.0649079
0.835346  0.104741  -0.0639424
0.837154  0.110101  -0.0645857
0.846172  0.117141  -0.0657662
0.857489  0.123576  -0.0670583
0.865399  0.129741  -0.0684161
0.871448  0.135873  -0.0697817
0.876742  0.141955  -0.0711496
0.881512  0.147946  -0.0725065
0.885824  0.153825  -0.0738341
0.889761  0.159585  -0.0751205
0.893406  0.165223  -0.0763573
0.896819  0.170732  -0.0775378
0.900044  0.176109  -0.0786567
0.903128  0.181349  -0.0797094
0.906117  0.186444  -0.0806902
0.908928  0.191376  -0.081597
0.911322  0.196212  -0.0824379
0.915115  0.201013  -0.0832351
0.91854  0.205066  -0.083817
0.917611  0.209494  -0.0844187
0.91908  0.21439  -0.0851519
0.931427  0.218512  -0.0855883
0.934841  0.221084  -0.0853741
0.933046  0.224373  -0.0853976
0.931358  0.227833  -0.0855085
0.932245  0.231425  -0.085685
0.935923  0.234723  -0.0857897
0.938799  0.237634  -0.0857277
0.941103  0.240414  -0.0855991
0.943361  0.243021  -0.0853923
0.945604  0.245444  -0.085106
0.947828  0.247681  -0.0847411
0.950034  0.249729  -0.0842989
0.952227  0.251589  -0.0837811
0.954389  0.253258  -0.0831892
0.956523  0.25474  -0.0825253
0.958814  0.256026  -0.081791
0.960651  0.257098  -0.0809812
0.962862  0.258052  -0.0801205
0.965658  0.258725  -0.0791888
0.966247  0.259236  -0.0781614
0.975946  0.25982  -0.076986
0.972369  0.259288  -0.0758295
0.85274  0.258444  -0.0748862
0.391426  0.256852  -0.0731789
1.43947e-08  0.253526  -0.0719197
1.41732e-08  0.145072  -0.0299486
1.39615e-08  0.120036  -0.0196804
1.37593e-08  0.116694  -0.0182016
1.35659e-08  0.115133  -0.0174985
1.33809e-08  0.113576  -0.0168339
1.32039e-08  0.111913  -0.0161657
1.30345e-08  0.110128  -0.0154918
1.28723e-08  0.108229  -0.0148143
1.2717e-08  0.106218  -0.0141349
1.25683e-08  0.104099  -0.0134551
1.24259e-08  0.101871  -0.0127765
1.22895e-08  0.0995362  -0.0121007
1.21588e-08  0.0970976  -0.0114292
1.20336e-08  0.0945566  -0.0107634
1.19137e-08  0.0919155  -0.0101048
1.17989e-08  0.0891764  -0.00945494
1.16889e-08  0.0863415  -0.00881528
1.15836e-08  0.0834135  -0.00818724
1.14829e-08  0.0803945  -0.00757225
1.13864e-08  0.0772873  -0.00697174
1.12942e-08  0.0740944  -0.00638707
1.12061e-08  0.0708184  -0.00581959
1.11218e-08  0.0674621  -0.00527063
1.10414e-08  0.0640282  -0.0047415
1.09646e-08  0.0605195  -0.00423347
1.08914e-08  0.0569387  -0.00374778
1.08216e-08  0.0532887  -0.00328568
1.07552e-08  0.0495723  -0.00284836
1.0692e-08  0.0457923  -0.00243703
1.06321e-08  0.0419515  -0.00205286
1.05752e-08  0.0380548  -0.00169714
1.05214e-08  0.0341385  -0.00137464
1.04705e-08  0.0301987  -0.00108422
1.04226e-08  0.0262269  -0.000825646
1.03774e-08  0.0222267  -0.000599857
1.0335e-08  0.0182053  -0.000407973
1.02953e-08  0.0141686  -0.000251115
1.02583e-08  0.0101216  -0.000130561
1.02239e-08  0.00606688  -4.79217e-05
1.01921e-08  0.00203826  -5.56455e-06
1.01628e-08  0.000339899  -0.000122036
1.01361e-08  0.000306171  -0.000181149
1.01118e-08  0.000280461  0.000225117
1.009e-08  0.000253291  -0.000259212
1.00705e-08  0.000226328  -0.000286084
1.00535e-08  0.000199181  -0.000307811
1.00389e-08  0.000173046  0.000324825
1.00266e-08  0.000143473  -0.000341487
1.00166e-08  0.000129545  -0.0003545
1.0009e-08  8.82971e-05  -0.000319372
1.00037e-08  5.13204e-05  -0.00043932
1.00007e-08  8.0117e-05  0.00014981
1e-08  -0.00021362  -5.19528e-06
1.00017e-08  -0.000152789  0.000349175
1.00057e-08  -1.90249e-05  0.000355626
1.00119e-08  -0.000122394  0.000337302
1.00205e-08  -0.000133953  0.000351636
1.00315e-08  -0.000156497  0.000333747
1.00448e-08  -0.00018438  0.000318006
1.00604e-08  -0.000211388  0.000298835
1.00785e-08  -0.000238292  0.000275096
1.00989e-08  -0.000264392  -0.000246003
1.01218e-08  -0.000290909  -0.000208458
1.01471e-08  -0.00031695  0.000156514
1.0175e-08  -0.000250585  4.60509e-05
1.02053e-08  -0.00351028  -1.62286e-05
1.02382e-08  -0.00727147  -6.7751e-05
1.02737e-08  -0.0110946  -0.000154226
1.03118e-08  -0.0149833  -0.000276024
1.03527e-08  -0.0189104  -0.000432769
1.03962e-08  -0.0229193  -0.000627697
1.04426e-08  -0.0269801  -0.00086116
1.04918e-08  -0.031162  -0.00114072
1.05439e-08  -0.0354512  -0.00147019
1.0599e-08  -0.0400997  -0.00188435
1.06572e-08  -0.0460702  -0.00252872
1.07184e-08  -0.0523216  -0.00333009
1.0783e-08  -0.0589493  -0.00432147
1.08508e-08  -0.0660644  -0.00554617
1.0922e-08  -0.0737831  -0.00705594
1.09967e-08  -0.0822769  -0.00892331
1.10751e-08  -0.092146  -0.0113607
1.11571e-08  -0.116224  -0.0184955
1.1243e-08  -0.315415  -0.0830857
1.13329e-08  -0.635916  -0.193354
1.14269e-08  -0.74426  -0.234575
1.15251e-08  -0.754883  -0.241817
1.16278e-08  -0.747905  -0.243837
1.1735e-08  -0.73536  -0.245141
1.1847e-08  -0.726312  -0.246232
1.1964e-08  -0.717435  -0.247033
1.20861e-08  -0.707818  -0.247501
1.22136e-08  -0.696816  -0.24767
1.23467e-08  -0.685501  -0.247553
1.24856e-08  -0.674463  -0.246857
1.26307e-08  -0.663435  -0.246249
1.27821e-08  -0.652285  -0.245576
1.29403e-08  -0.641065  -0.244593
1.31055e-08  -0.629884  -0.243402
1.32781e-08  -0.618696  -0.242137
1.34584e-08  -0.607459  -0.240688
1.36469e-08  -0.59592  -0.239086
1.3844e-08  -0.582899  -0.236977
1.40502e-08  -0.572955  -0.235628
1.43542e-08  -0.584757  -0.242625
1.52431e-08  -0.633225  -0.26606
1.58936e-08  -0.672952  -0.286682
1.64495e-08  -0.705775  -0.304837
1.69786e-08  -0.734789  -0.321898
1.74514e-08  -0.760021  -0.337614
1.78269e-08  -0.78177  -0.352022
1.81392e-08  -0.800022  -0.364995
1.84367e-08  -0.816829  -0.377355
1.87525e-08  -0.831827  -0.38883
1.90901e-08  -0.844925  -0.399287
1.9431e-08  -0.855562  -0.408574
1.97688e-08  -0.863645  -0.416956
2.01054e-08  -0.86994  -0.424755
2.04494e-08  -0.875616  -0.431498
2.07886e-08  -0.880699  -0.436641
2.11001e-08  -0.884674  -0.441202
2.13689e-08  -0.887177  -0.445412
2.15615e-08  -0.888372  -0.448708
2.14847e-08  -0.889017  -0.451444
2.04513e-08  -0.890471  -0.454774
1.6813e-08  -0.891281  -0.459008
1.27765e-08  -0.853574  -0.442819
1.11711e-08  -0.800608  -0.418782
1.09337e-08  -0.746794  -0.39418
1.12645e-08  -0.699272  -0.372413
1.18069e-08  -0.654268  -0.351275
1.26321e-08  -0.607268  -0.328094
1.40657e-08  -0.553759  -0.300212
1.72365e-08  -0.473003  -0.256677
2.94492e-08  -0.379989  -0.205719
8.44627e-08  -0.329076  -0.177156
3.19534e-07  -0.308309  -0.165696
1.38e-06  -0.301769  -0.1626
4.47566e-06  -0.358213  -0.193387
5.94953e-06  -0.406977  -0.219408
3.97634e-06  -0.547431  -0.292109
7.00121e-07  -0.594282  -0.311503
1.15748e-07  -0.0553888  -0.00721623
3.08661e-08  0.225313  0.291543
5.96514e-08  0.914928  0.131006
1.05384  0.476132  0.130448
4.75011  0.124599  0.084906
