0.208572  -0.164044  0.0405265
0.00272651  -0.354425  0.0912683
0.000113551  -0.245234  -0.0067977
6.00238e-05  0.380462  -0.567441
5.62349e-05  0.643431  -0.817525
2.59637e-05  0.692952  -0.869338
9.66077e-07  0.698545  -0.873244
6.94572e-08  0.729979  -0.895253
6.28908e-08  0.62838  -1.00723
4.94697e-06  0.551756  -1.0512
0.00161975  0.579953  -1.07475
0.263656  0.523474  -1.03025
0.464448  0.428436  -0.917993
0.443308  0.383837  -0.871704
0.377962  0.341487  -0.823828
0.36184  0.335169  -0.816696
0.369496  0.330669  -0.81384
0.383582  0.329026  -0.816892
0.390702  0.330533  -0.822735
0.39462  0.333316  -0.828742
0.397333  0.3371  -0.835408
0.399635  0.341897  -0.84225
0.402255  0.347867  -0.849615
0.405997  0.354806  -0.857661
0.410938  0.362267  -0.866003
0.416374  0.369957  -0.874258
0.421666  0.377848  -0.88228
0.426946  0.385987  -0.890048
0.43255  0.394192  -0.897462
0.437859  0.402493  -0.904372
0.442404  0.411203  -0.910796
0.446419  0.420167  -0.917068
0.450112  0.429313  -0.923244
0.453652  0.438609  -0.929157
0.457523  0.448205  -0.934915
0.463373  0.458192  -0.940681
0.473859  0.468142  -0.946455
0.486716  0.476667  -0.948644
0.4943  0.484837  -0.948811
0.49975  0.493485  -0.949119
0.50454  0.502214  -0.94925
0.509029  0.510897  -0.949158
0.513403  0.519548  -0.948943
0.517971  0.52829  -0.948611
0.523464  0.537167  -0.947994
0.530756  0.546054  -0.946898
0.540266  0.554703  -0.945231
0.551421  0.562846  -0.942617
0.562784  0.570482  -0.936779
0.573599  0.577973  -0.929868
0.584104  0.585122  -0.922411
0.594439  0.591928  -0.915117
0.604866  0.598477  -0.908317
0.615788  0.604763  -0.900205
0.627418  0.610752  -0.889411
0.639816  0.616515  -0.877424
0.654349  0.62238  -0.864495
0.679888  0.628865  -0.849922
0.714495  0.63201  -0.826791
0.721645  0.632111  -0.813017
0.713558  0.631901  -0.806804
0.693247  0.630839  -0.794586
0.643685  0.628412  -0.776615
0.544316  0.62439  -0.751784
0.376748  0.618394  -0.709494
0.185172  0.616987  -0.686766
0.0813639  0.620643  -0.681827
0.0330976  0.622951  -0.676062
0.0124205  0.624442  -0.670205
0.0042888  0.62525  -0.664242
0.00135947  0.625546  -0.658345
0.00039449  0.625473  -0.65265
0.000104343  0.625145  -0.64727
2.49759e-05  0.624654  -0.64231
5.32502e-06  0.624145  -0.637978
9.6209e-07  0.624  -0.634875
1.20651e-07  0.621874  -0.630561
1.0692e-08  0.347492  -0.313387
1.06321e-08  0.0817636  -0.013211
1.05752e-08  0.0708489  -0.0072436
1.05214e-08  0.0636969  -0.00579842
1.04705e-08  0.0564507  -0.00452212
1.04226e-08  0.0491001  -0.00339849
1.03774e-08  0.0416622  -0.00243129
1.0335e-08  0.0341507  -0.00162351
1.02953e-08  0.026579  -0.000977427
1.02583e-08  0.0189604  -0.000494459
1.02239e-08  0.0112489  -0.000173043
1.01921e-08  0.00364153  -1.81869e-05
1.01628e-08  0.000377076  -0.000126264
1.01361e-08  0.000345887  -0.000204155
1.01118e-08  0.000314935  0.000255214
1.009e-08  0.000282308  -0.00029501
1.00705e-08  0.000249973  -0.000326456
1.00535e-08  0.000217242  -0.000352009
1.00389e-08  0.000185842  0.000372324
1.00266e-08  0.000150249  -0.0003893
1.00166e-08  0.000114818  -0.000403181
1.0009e-08  7.92643e-05  -0.000414042
1.00037e-08  4.53103e-05  -0.000416654
1.00007e-08  -1.80649e-06  0.000414464
1e-08  0.000109904  -0.000462744
1.00017e-08  -1.96694e-05  0.000425349
1.00057e-08  -6.55302e-05  0.000420934
1.00119e-08  -9.74623e-05  0.000409988
1.00205e-08  -0.000131362  0.000397075
1.00315e-08  -0.000165657  0.000382465
1.00448e-08  -0.000198714  0.000364307
1.00604e-08  -0.000231367  0.000341622
1.00785e-08  -0.000263691  0.000313828
1.00989e-08  -0.000294885  -0.00027994
1.01218e-08  -0.00032674  -0.00023634
1.01471e-08  -0.000358622  0.000176607
1.0175e-08  -0.000390986  6.70985e-05
1.02053e-08  -0.00669673  -6.1337e-05
1.02382e-08  -0.0144326  -0.000284997
1.02737e-08  -0.0220733  -0.000669592
1.03118e-08  -0.0296698  -0.00121515
1.03527e-08  -0.0372222  -0.00192104
1.03962e-08  -0.0447187  -0.00278552
1.04426e-08  -0.052158  -0.00380808
1.04918e-08  -0.0595609  -0.00499372
1.05439e-08  -0.0669805  -0.0063716
1.0599e-08  -0.0748377  -0.00815004
1.06572e-08  -0.0853281  -0.0115766
1.07184e-08  -0.104794  -0.0211016
1.0783e-08  -0.123081  -0.0332002
1.08508e-08  -0.13295  -0.0399072
1.0922e-08  -0.138596  -0.0434812
1.09967e-08  -0.143136  -0.0462881
1.10751e-08  -0.148454  -0.0507292
1.11571e-08  -0.173857  -0.0889606
1.2234e-08  -0.362037  -0.412537
2.34348e-08  -0.466484  -0.627504
2.37611e-08  -0.484627  -0.689518
1.90406e-08  -0.493393  -0.788034
1.27389e-08  -0.45755  -0.847878
1.0747e-08  -0.418977  -0.871338
1.02473e-08  -0.388595  -0.886184
1.00978e-08  -0.363155  -0.896985
9.99774e-09  -0.339823  -0.906368
9.89284e-09  -0.317255  -0.914617
9.78537e-09  -0.29491  -0.920773
9.68288e-09  -0.272396  -0.926686
9.58826e-09  -0.249595  -0.932205
9.50184e-09  -0.226488  -0.937349
9.42282e-09  -0.203143  -0.942185
9.34823e-09  -0.179696  -0.946805
9.26936e-09  -0.156334  -0.949997
9.15752e-09  -0.133201  -0.951798
8.94023e-09  -0.110381  -0.952612
8.47316e-09  -0.0865862  -0.952678
7.8958e-09  -0.0626373  -0.952135
7.3306e-09  -0.0384383  -0.951486
6.80151e-09  -0.0151848  -0.950645
6.3012e-09  0.00535426  -0.949375
5.6749e-09  0.0200019  -0.944215
4.90139e-09  0.0291993  -0.931936
4.29428e-09  0.0374559  -0.918066
3.91687e-09  0.0438588  -0.901439
3.71192e-09  0.0489674  -0.882762
3.6346e-09  0.0540561  -0.863685
3.64386e-09  0.0604187  -0.84675
3.71427e-09  0.0686314  -0.834359
3.8717e-09  0.0761556  -0.82183
4.09566e-09  0.0809614  -0.805694
4.364e-09  0.0831478  -0.788166
4.66931e-09  0.0831251  -0.769319
5.05567e-09  0.0806088  -0.748315
5.88174e-09  0.0714058  -0.721613
8.04807e-09  0.0464972  -0.6814
1.37066e-08  0.0104412  -0.632496
2.76833e-08  -0.00706569  -0.601451
6.47797e-08  -0.00580061  -0.590748
1.52499e-07  0.00163854  -0.588128
3.01085e-07  0.0206341  -0.586916
5.08182e-07  0.0495008  -0.585183
8.05667e-07  0.0843679  -0.584219
1.20813e-06  0.116645  -0.586688
1.63199e-06  0.140553  -0.587619
1.79442e-06  0.165406  -0.586353
1.62827e-06  0.186032  -0.585897
1.30352e-06  0.217939  -0.586718
9.44255e-07  0.260019  -0.591247
6.38868e-07  0.300588  -0.592061
3.80356e-07  0.328869  -0.59226
1.92917e-07  0.323944  -0.577256
7.5203e-08  0.269936  -0.528272
2.09251e-08  0.173559  -0.454441
4.43847e-09  0.0711567  -0.367655
9.58589e-10  -0.0804629  0.151556
6.11302e-09  0.120997  0.695251
4.27366e-07  0.156739  0.709103
3.24225e-05  0.170772  0.654891
0.00501877  0.237495  0.589578
0.430872  0.115305  0.289703
