1.01355  0.00510392  -0.000134606
1.01442  0.00530777  -0.000130021
1.01448  0.00556948  -0.000129195
1.01452  0.00586128  -0.000130315
1.01455  0.00616822  -0.000132568
1.01458  0.00648433  -0.000135545
1.01459  0.00680666  -0.000139023
1.01461  0.0071337  -0.000142868
1.01462  0.00746473  -0.000146999
1.01462  0.00779947  -0.000151366
1.01463  0.00813794  -0.000155936
1.01463  0.00848036  -0.000160693
1.01464  0.00882708  -0.000165627
1.01464  0.00917859  -0.000170733
1.01464  0.00953546  -0.000176015
1.01464  0.00989833  -0.000181476
1.01464  0.0102679  -0.000187125
1.01464  0.010645  -0.00019297
1.01463  0.0110305  -0.000199025
1.01463  0.0114253  -0.000205301
1.01462  0.0118304  -0.000211813
1.01462  0.0122461  -0.000218572
1.01453  0.0126764  -0.000225611
1.01495  0.0131194  -0.000232939
1.01494  0.0126852  -0.000216356
1.01451  0.013188  -0.000225212
1.01458  0.0137146  -0.000234559
1.01457  0.0142587  -0.000244241
1.01455  0.0148234  -0.000254301
1.01454  0.0154101  -0.000264755
1.01453  0.0160199  -0.000275615
1.01451  0.0166544  -0.000286893
1.0145  0.0173147  -0.000298602
1.01448  0.0180022  -0.000310749
1.01446  0.0187182  -0.000323343
1.01445  0.0194639  -0.000336389
1.01443  0.0202404  -0.000349887
1.01441  0.021049  -0.000363839
1.01439  0.0218904  -0.00037824
1.01437  0.0227657  -0.000393082
1.01435  0.0236755  -0.000408353
1.01433  0.0246203  -0.000424035
1.01431  0.0256004  -0.000440109
1.01429  0.0266159  -0.000456544
1.01415  0.0276679  -0.000473324
1.01338  0.0287616  -0.000490549
1.48698e-08  0.0285131  -0.00048377
1.46267e-08  0.00934513  -0.000130423
1.43947e-08  0.00957284  -0.000133607
1.41732e-08  0.00982588  -0.000137211
1.39615e-08  0.0100812  -0.000140787
1.37593e-08  0.0103384  -0.000144323
1.35659e-08  0.0105962  -0.000147795
1.33809e-08  0.0108531  -0.000151178
1.32039e-08  0.0111076  -0.000154445
1.30345e-08  0.0113575  -0.000157565
1.28723e-08  0.0116007  -0.000160502
1.2717e-08  0.0118344  -0.000163223
1.25683e-08  0.0120555  -0.000165687
1.24259e-08  0.0122606  -0.000167852
1.22895e-08  0.0124458  -0.000169673
1.21588e-08  0.0126065  -0.000171102
1.20336e-08  0.0127375  -0.000172089
1.19137e-08  0.0128332  -0.00017258
1.17989e-08  0.012887  -0.000172518
1.16889e-08  0.0128917  -0.000171846
1.15836e-08  0.012839  -0.000170502
1.14829e-08  0.0127201  -0.000168423
1.13864e-08  0.012525  -0.000165545
1.12942e-08  0.0122421  -0.000161796
1.12061e-08  0.011859  -0.000157107
1.11218e-08  0.0113619  -0.000151399
1.10414e-08  0.0107355  -0.000144587
1.09646e-08  0.00996273  -0.000136567
1.08914e-08  0.00902496  -0.000127201
1.08216e-08  0.00790146  -0.000116274
1.07552e-08  0.00656962  -0.000103369
1.0692e-08  0.00500436  -8.74523e-05
1.06321e-08  0.00317829  -6.47166e-05
1.05752e-08  0.00120975  -5.48738e-06
1.05214e-08  0.000262175  -1.45814e-07
1.04705e-08  -0.00188955  -3.68184e-05
1.04226e-08  -0.00504918  -2.93016e-05
1.03774e-08  -0.00865477  -1.48989e-05
1.0335e-08  -0.0127541  2.1073e-06
1.02953e-08  -0.0173995  2.05174e-05
1.02583e-08  -0.0226477  3.9719e-05
1.02239e-08  -0.0285614  5.92571e-05
1.01921e-08  -0.0352083  7.86951e-05
1.01628e-08  -0.0426629  9.75725e-05
1.01361e-08  -0.0510062  0.000115374
1.01118e-08  -0.060327  0.00013151
1.009e-08  -0.0707211  0.000145305
1.00705e-08  -0.0822944  0.000155979
1.00535e-08  -0.0951618  0.000162603
1.00389e-08  -0.109448  0.000164153
1.00266e-08  -0.125292  0.000159533
1.00166e-08  -0.142846  0.000147342
1.0009e-08  -0.162595  0.000126123
1.00037e-08  -0.185531  9.42165e-05
1.00007e-08  -0.201857  5.04749e-05
1e-08  0.217789  2.00333e-05
1.00017e-08  0.22665  7.72524e-05
1.00057e-08  0.232097  0.000142752
1.00119e-08  0.236864  0.000206902
1.00205e-08  0.241008  0.000269716
1.00315e-08  0.244421  0.00033015
1.00448e-08  0.246979  0.000386684
1.00604e-08  0.248556  0.00043765
1.00785e-08  0.248835  0.00048081
1.00989e-08  0.248009  0.00051443
1.01218e-08  0.245677  0.000535497
1.01471e-08  0.241596  0.000541007
1.0175e-08  0.23558  0.000527749
1.02053e-08  0.227385  0.000491487
1.02382e-08  0.216732  0.000427903
1.02737e-08  0.203313  0.000331986
1.03118e-08  0.186785  0.000198065
1.03527e-08  0.166773  1.97899e-05
1.03962e-08  0.142854  -0.000209917
1.04426e-08  0.114564  -0.000498678
1.04918e-08  0.0813822  -0.00085391
1.05439e-08  0.0427276  -0.00127677
1.0599e-08  -0.000947872  -0.00087133
1.06572e-08  -0.051726  -0.00243454
1.07184e-08  -0.111011  -0.00321632
1.0783e-08  -0.178772  -0.0041219
1.08508e-08  -0.255983  -0.00518091
1.0922e-08  -0.343763  -0.00641714
1.09967e-08  -0.443356  -0.00785588
1.10751e-08  -0.556163  -0.0095252
1.11571e-08  -0.683789  -0.011457
1.1243e-08  -0.82803  -0.0136871
1.13329e-08  -0.990954  -0.0162568
1.14269e-08  -1.17492  -0.019213
1.15251e-08  -1.38263  -0.0226092
1.16278e-08  -1.61722  -0.0265073
1.1735e-08  -1.88231  -0.0309784
1.1847e-08  -2.18213  -0.0361049
1.1964e-08  -2.52167  -0.0419829
1.20861e-08  -2.90679  -0.0487241
1.22136e-08  -3.3445  -0.0564601
1.23467e-08  -3.84324  -0.0653465
1.24856e-08  -4.41357  -0.075575
1.26307e-08  -5.07159  -0.0874466
1.27821e-08  -5.86271  -0.101894
1.29403e-08  -6.97587  -0.12254
1.31055e-08  -8.25754  -0.142229
1.32781e-08  -8.99043  -0.150595
1.34584e-08  -9.17854  -0.149949
1.36469e-08  -9.01619  -0.130939
1.3844e-08  -8.122  -0.0810449
1.40502e-08  -6.4368  -0.00509015
1.4266e-08  -4.36143  0.0840437
1.44919e-08  -2.16701  0.181748
1.47285e-08  0.952128  0.336631
1.49765e-08  0.9752  0.41411
1.52366e-08  -17.2595  -0.154013
1.55095e-08  -26.7132  -0.429724
1.57962e-08  -28.27  -0.461674
1.60973e-08  -28.8453  -0.468894
1.64141e-08  -29.1743  -0.472599
1.67476e-08  -29.3489  -0.474369
1.70989e-08  -29.4269  -0.475018
1.74694e-08  -29.4516  -0.47511
1.78605e-08  -29.453  -0.474482
1.82738e-08  -29.4277  -0.472169
1.87112e-08  -29.3384  -0.46797
1.91746e-08  -29.1545  -0.462221
1.96662e-08  -28.8694  -0.45518
2.01884e-08  -28.5029  -0.446953
2.07441e-08  -28.0839  -0.437642
2.13362e-08  -27.6155  -0.427293
2.19684e-08  -27.0506  -0.41575
2.26446e-08  -26.3037  -0.402721
2.33694e-08  -25.3044  -0.388027
2.41478e-08  -24.0519  -0.371762
2.49859e-08  -22.615  -0.354216
2.58904e-08  -21.0791  -0.335655
2.68693e-08  -19.4948  -0.316221
2.79319e-08  -17.8744  -0.295979
2.9089e-08  -16.2179  -0.27495
3.03534e-08  -14.5331  -0.253064
3.17404e-08  -12.8341  -0.230108
3.32683e-08  -11.1308  -0.205757
3.49592e-08  -9.42355  -0.179649
3.68402e-08  -7.70802  -0.151415
3.89446e-08  -5.97273  -0.120576
4.13142e-08  -4.16056  -0.0860068
4.40016e-08  -2.34716  -0.0490384
6.92898e-08  -0.685296  -0.0146758
1.6156e-06  -0.257187  -0.005561
5.12803e-05  -0.110821  -0.0026912
0.00238877  0.0147103  -3.82415e-07
0.408858  0.148948  0.00105654
6.92901  -0.00429681  -3.61595e-05
