0.250501  -0.170228  -0.0264187
0.00284332  -0.0137838  -0.206953
0.0052877  0.238281  -0.38855
0.0085072  0.402187  -0.597008
0.0210933  0.562487  -0.810154
0.199662  0.572196  -0.816848
0.51573  0.339704  -0.605308
0.561885  0.253201  -0.496582
0.496354  0.219225  -0.464063
0.455426  0.216535  -0.454846
0.440816  0.223188  -0.455628
0.456702  0.233611  -0.46183
0.482139  0.240814  -0.468253
0.495793  0.247484  -0.474234
0.50421  0.254942  -0.48018
0.510498  0.262817  -0.486209
0.515966  0.271189  -0.492075
0.521516  0.280136  -0.498124
0.527787  0.289431  -0.504378
0.534594  0.298796  -0.510606
0.54137  0.30813  -0.516632
0.547797  0.317456  -0.522397
0.5539  0.326817  -0.527901
0.560079  0.336245  -0.533167
0.567253  0.345612  -0.538223
0.574772  0.354489  -0.542746
0.580698  0.363609  -0.546586
0.585371  0.372896  -0.550342
0.589439  0.382176  -0.554035
0.593637  0.39152  -0.557594
0.600728  0.401205  -0.561182
0.615292  0.410477  -0.564402
0.627811  0.417779  -0.564408
0.633764  0.425442  -0.564276
0.638158  0.433397  -0.564192
0.642149  0.441253  -0.564043
0.646148  0.449021  -0.563853
0.650913  0.456817  -0.563575
0.657614  0.464569  -0.563089
0.666834  0.472027  -0.562133
0.677476  0.478918  -0.560147
0.687225  0.485414  -0.556763
0.696339  0.491641  -0.553227
0.705271  0.497531  -0.549751
0.714232  0.503136  -0.545337
0.723419  0.508466  -0.540267
0.733061  0.513511  -0.535274
0.743824  0.518212  -0.530066
0.754415  0.522212  -0.522691
0.764609  0.526056  -0.515067
0.778222  0.530087  -0.507272
0.804595  0.533802  -0.49592
0.813577  0.534545  -0.486
0.802179  0.534465  -0.481869
0.773059  0.533756  -0.474424
0.700664  0.532099  -0.464149
0.555132  0.529451  -0.450152
0.320906  0.525816  -0.427402
0.125452  0.526367  -0.421252
0.0415041  0.527131  -0.418047
0.0114269  0.52736  -0.415149
0.00249445  0.527148  -0.412513
0.00036488  0.5267  -0.410445
1.11519e-05  0.526167  -0.409149
1.17989e-08  0.201795  -0.086763
1.16889e-08  0.14715  -0.0339764
1.15836e-08  0.140917  -0.0299513
1.14829e-08  0.136187  -0.02766
1.13864e-08  0.131301  -0.0254471
1.12942e-08  0.126216  -0.0232889
1.12061e-08  0.120946  -0.0211916
1.11218e-08  0.115499  -0.0191615
1.10414e-08  0.10988  -0.0172046
1.09646e-08  0.104097  -0.0153268
1.08914e-08  0.0981554  -0.0135339
1.08216e-08  0.0920638  -0.0118315
1.07552e-08  0.0858298  -0.0102248
1.0692e-08  0.0794616  -0.00871905
1.06321e-08  0.0729679  -0.00731902
1.05752e-08  0.0663578  -0.00602921
1.05214e-08  0.0596417  -0.00485435
1.04705e-08  0.052832  -0.00379897
1.04226e-08  0.0459409  -0.00286673
1.03774e-08  0.0389782  -0.00206062
1.0335e-08  0.0319534  -0.00138352
1.02953e-08  0.0248777  -0.000838245
1.02583e-08  0.0177624  -0.000427324
1.02239e-08  0.0105741  -0.000151507
1.01921e-08  0.00346185  -1.63703e-05
1.01628e-08  0.000378053  -0.000124939
1.01361e-08  0.000346721  -0.000203494
1.01118e-08  0.000315872  0.000254697
1.009e-08  0.00028338  -0.000294552
1.00705e-08  0.0002512  -0.000326045
1.00535e-08  0.0002187  -0.000351644
1.00389e-08  0.00018754  0.000372009
1.00266e-08  0.000152608  -0.000389271
1.00166e-08  0.000118751  -0.00040246
1.0009e-08  8.39112e-05  -0.000412338
1.00037e-08  4.64033e-05  -0.000419119
1.00007e-08  2.6224e-07  0.000375472
1e-08  0.000141424  -0.000338374
1.00017e-08  -2.55715e-05  0.000423638
1.00057e-08  -6.70535e-05  0.000416269
1.00119e-08  -0.000101363  0.000408173
1.00205e-08  -0.000134822  0.000396942
1.00315e-08  -0.000167833  0.000382306
1.00448e-08  -0.000200519  0.000363902
1.00604e-08  -0.000232921  0.000341191
1.00785e-08  -0.000265053  0.000313321
1.00989e-08  -0.000296105  -0.000279366
1.01218e-08  -0.000327821  -0.000235646
1.01471e-08  -0.000359563  0.000175654
1.0175e-08  -0.000390877  6.34154e-05
1.02053e-08  -0.00632606  -5.44042e-05
1.02382e-08  -0.013498  -0.000246285
1.02737e-08  -0.0206043  -0.000572932
1.03118e-08  -0.0276835  -0.00103302
1.03527e-08  -0.0347347  -0.00162508
1.03962e-08  -0.041751  -0.00234771
1.04426e-08  -0.0487306  -0.00320022
1.04918e-08  -0.0556874  -0.00418599
1.05439e-08  -0.0626583  -0.00531754
1.0599e-08  -0.0697432  -0.00663039
1.06572e-08  -0.0770882  -0.008223
1.07184e-08  -0.0863107  -0.011028
1.0783e-08  -0.109338  -0.0221112
1.08508e-08  -0.155166  -0.0525788
1.0922e-08  -0.181623  -0.0731474
1.09967e-08  -0.190251  -0.0806184
1.10751e-08  -0.193561  -0.0838776
1.11571e-08  -0.195793  -0.0863051
1.1243e-08  -0.197782  -0.0885705
1.13329e-08  -0.199621  -0.0907565
1.14269e-08  -0.201279  -0.0928769
1.15251e-08  -0.202845  -0.0950108
1.16278e-08  -0.205305  -0.0983175
1.1735e-08  -0.224861  -0.121533
1.1847e-08  -0.407159  -0.335545
2.52119e-08  -0.564218  -0.541296
2.66e-08  -0.598672  -0.606039
2.45175e-08  -0.635341  -0.668992
1.79766e-08  -0.647014  -0.744373
1.49203e-08  -0.621926  -0.761403
1.4246e-08  -0.605112  -0.778181
1.38254e-08  -0.590619  -0.791607
1.35e-08  -0.576409  -0.801189
1.3282e-08  -0.561982  -0.808782
1.31438e-08  -0.547209  -0.815901
1.30411e-08  -0.532083  -0.822788
1.29456e-08  -0.516521  -0.829636
1.28456e-08  -0.500552  -0.835869
1.27123e-08  -0.484678  -0.840717
1.24563e-08  -0.468881  -0.843973
1.19793e-08  -0.452597  -0.846011
1.12262e-08  -0.434831  -0.847619
1.01585e-08  -0.413437  -0.849552
8.86697e-09  -0.393942  -0.852147
7.40286e-09  -0.382252  -0.847909
6.05396e-09  -0.370743  -0.83742
5.09652e-09  -0.358235  -0.82357
4.52878e-09  -0.345083  -0.806159
4.26374e-09  -0.331561  -0.786651
4.20601e-09  -0.318022  -0.767156
4.26605e-09  -0.305238  -0.750112
4.37541e-09  -0.293629  -0.735675
4.52216e-09  -0.282719  -0.720477
4.71381e-09  -0.272957  -0.703776
4.94904e-09  -0.264418  -0.685362
5.22429e-09  -0.256593  -0.665533
5.57427e-09  -0.248972  -0.642647
6.22318e-09  -0.242412  -0.611643
8.01799e-09  -0.238139  -0.567799
1.38473e-08  -0.235084  -0.522328
3.28149e-08  -0.229925  -0.496884
9.15714e-08  -0.222872  -0.489459
2.59563e-07  -0.216035  -0.489048
6.76807e-07  -0.209687  -0.490546
1.35479e-06  -0.18328  -0.503433
1.96229e-06  -0.166264  -0.512826
2.27838e-06  -0.157056  -0.516815
2.23516e-06  -0.142992  -0.520935
1.54322e-06  -0.116738  -0.537205
7.82851e-07  -0.100151  -0.545201
2.89617e-07  -0.086033  -0.546054
8.74773e-08  -0.0761608  -0.529598
2.75706e-08  -0.0800459  -0.456212
1.41551e-08  -0.0926075  -0.334899
1.01419e-08  -0.0979453  -0.283748
4.96556e-09  -0.11275  -0.317409
2.41187e-09  0.086469  0.279388
9.62854e-08  0.195517  0.547391
1.01042e-05  0.192562  0.498775
0.000973762  0.190846  0.429873
0.0600497  0.185017  0.364818
0.626765  0.109058  0.24929
