0.205432  -0.152764  0.0521864
0.00175385  -0.323788  0.113507
7.41798e-06  -0.152397  -0.0723785
2.81356e-06  0.0901569  -0.386544
5.71531e-06  0.425549  -0.728564
6.80035e-06  0.430825  -0.779088
5.46711e-06  0.439718  -0.801757
3.45946e-06  0.472859  -0.856744
1.40549e-06  0.571231  -1.00087
2.51016e-07  0.602316  -1.04441
5.29222e-08  0.647126  -1.07995
4.90513e-08  0.671598  -1.09955
4.57179e-08  0.6563  -1.08155
4.2818e-08  0.657268  -1.09523
4.02979e-08  0.657868  -1.12193
3.80216e-08  0.648219  -1.14536
3.60165e-08  0.632885  -1.18201
3.43197e-08  0.612267  -1.22581
3.26589e-08  0.596271  -1.25905
3.11733e-08  0.584534  -1.2857
3.0221e-08  0.573102  -1.30998
2.85855e-08  0.572645  -1.35824
0.223819  0.57516  -1.36373
0.333345  0.549992  -1.33928
0.335918  0.531627  -1.32358
0.329217  0.518625  -1.31585
0.323756  0.511141  -1.31493
0.321115  0.508154  -1.31953
0.32153  0.508376  -1.32525
0.323166  0.509847  -1.3309
0.325127  0.512279  -1.33725
0.328133  0.515768  -1.34447
0.332264  0.519871  -1.35195
0.336286  0.524624  -1.35972
0.33964  0.530217  -1.36701
0.342473  0.5363  -1.37416
0.344926  0.542854  -1.38145
0.347161  0.549894  -1.38886
0.349305  0.557412  -1.39615
0.351461  0.565413  -1.40326
0.353957  0.573966  -1.41036
0.357691  0.583073  -1.41759
0.364147  0.592502  -1.42487
0.374587  0.601489  -1.43126
0.384071  0.608881  -1.43168
0.389887  0.616488  -1.43183
0.394521  0.624526  -1.43195
0.398706  0.632753  -1.43182
0.402623  0.641062  -1.43136
0.406391  0.649459  -1.43066
0.410117  0.657972  -1.42986
0.414049  0.666733  -1.42893
0.418782  0.675769  -1.4277
0.425086  0.684956  -1.42604
0.433576  0.694036  -1.42388
0.444334  0.702631  -1.42095
0.45649  0.710308  -1.41201
0.468235  0.71741  -1.40056
0.479387  0.724413  -1.39074
0.490336  0.731071  -1.38024
0.501186  0.737387  -1.36795
0.512092  0.743424  -1.35412
0.523326  0.749258  -1.3395
0.535616  0.755042  -1.32365
0.55159  0.76112  -1.30586
0.581657  0.767992  -1.2857
0.628908  0.769776  -1.25001
0.647733  0.766417  -1.21878
0.646854  0.764942  -1.20761
0.639746  0.763669  -1.19497
0.620218  0.759963  -1.17211
0.570755  0.752824  -1.13838
0.468528  0.740921  -1.08778
0.292542  0.722629  -1.00854
0.140702  0.72393  -0.991781
0.0660356  0.728545  -0.983925
0.0299762  0.732391  -0.975305
0.0130148  0.735151  -0.965917
0.00537375  0.736984  -0.956125
0.0021045  0.738072  -0.946114
0.00078095  0.738575  -0.936018
0.000274572  0.738627  -0.925947
9.1485e-05  0.738327  -0.915984
2.88847e-05  0.737778  -0.906247
8.63432e-06  0.737057  -0.896862
2.43121e-06  0.735803  -0.887488
6.28308e-07  0.731805  -0.875755
1.33433e-07  0.713998  -0.84905
1.51756e-08  0.528325  -0.623299
1.01628e-08  0.0151845  -0.0145788
1.01361e-08  0.000345731  -0.000203523
1.01118e-08  0.000312228  0.000254629
1.009e-08  0.000279144  -0.000296659
1.00705e-08  0.000248763  -0.000328982
1.00535e-08  0.000216431  -0.000353235
1.00389e-08  0.00018328  0.000373592
1.00266e-08  0.000147793  -0.00039326
1.00166e-08  0.000115564  -0.000407108
1.0009e-08  8.05656e-05  -0.00041583
1.00037e-08  4.15547e-05  -0.000421994
1.00007e-08  3.98079e-07  0.000420631
1e-08  0.000170672  -0.000354547
1.00017e-08  -2.27226e-05  0.000424788
1.00057e-08  -6.30992e-05  0.000420318
1.00119e-08  -9.83179e-05  0.000412481
1.00205e-08  -0.000130625  0.000402128
1.00315e-08  -0.000162218  0.000385549
1.00448e-08  -0.000196721  0.000365292
1.00604e-08  -0.000230629  0.000343756
1.00785e-08  -0.000261255  0.000316836
1.00989e-08  -0.000290733  -0.000280611
1.01218e-08  -0.000324522  -0.000235381
1.01471e-08  -0.000356563  0.000177187
1.0175e-08  -0.000388836  6.41455e-05
1.02053e-08  -0.00684517  -6.42491e-05
1.02382e-08  -0.0148548  -0.000303502
1.02737e-08  -0.0227549  -0.000717382
1.03118e-08  -0.0306005  -0.00130677
1.03527e-08  -0.0383911  -0.00207172
1.03962e-08  -0.0461141  -0.00301083
1.04426e-08  -0.053782  -0.00412617
1.04918e-08  -0.061444  -0.00543888
1.05439e-08  -0.0694048  -0.00708412
1.0599e-08  -0.0789683  -0.00966411
1.06572e-08  -0.0912678  -0.0143601
1.07184e-08  -0.102437  -0.0204097
1.0783e-08  -0.118188  -0.0409185
1.08508e-08  -0.21876  -0.267231
1.84058e-08  -0.337446  -0.602789
1.92897e-08  -0.355005  -0.697656
1.49088e-08  -0.346524  -0.809495
9.30966e-09  -0.29422  -0.881309
7.39111e-09  -0.2394  -0.917496
6.84877e-09  -0.192784  -0.941155
6.79374e-09  -0.154425  -0.953418
6.86937e-09  -0.121356  -0.964392
6.9506e-09  -0.0908652  -0.973412
7.00504e-09  -0.0618903  -0.980429
7.0371e-09  -0.0336274  -0.987792
7.04421e-09  -0.00616121  -0.993338
7.02796e-09  0.0208098  -0.997597
6.98479e-09  0.0474823  -1.0008
6.92153e-09  0.0742255  -1.00334
6.87064e-09  0.101378  -1.00578
6.8278e-09  0.128643  -1.00777
6.79921e-09  0.156044  -1.0092
6.75766e-09  0.183411  -1.01039
6.76879e-09  0.211165  -1.01085
6.73461e-09  0.237966  -1.01111
6.80189e-09  0.266132  -1.00955
6.70255e-09  0.289815  -1.00779
6.6958e-09  0.318982  -1.00462
6.57276e-09  0.340567  -1.00126
6.23006e-09  0.363063  -0.997388
5.83653e-09  0.391745  -0.99264
5.55176e-09  0.420495  -0.987883
5.41946e-09  0.444409  -0.982721
5.38909e-09  0.467486  -0.97722
5.27987e-09  0.483824  -0.971245
5.07068e-09  0.501144  -0.963909
4.7967e-09  0.51733  -0.954758
4.53209e-09  0.526569  -0.938313
4.27947e-09  0.527135  -0.920043
4.00786e-09  0.522942  -0.901643
3.79534e-09  0.519765  -0.880556
3.727e-09  0.520272  -0.856227
3.77134e-09  0.523082  -0.836094
3.86566e-09  0.525812  -0.827939
4.06508e-09  0.530024  -0.817599
4.48361e-09  0.531169  -0.799551
5.27818e-09  0.523831  -0.77608
7.10838e-09  0.496938  -0.743895
1.19145e-08  0.43665  -0.699587
2.26023e-08  0.366966  -0.65661
4.2162e-08  0.327606  -0.628408
7.55529e-08  0.323868  -0.614486
1.28581e-07  0.338715  -0.607251
2.0268e-07  0.360371  -0.601221
2.96535e-07  0.385682  -0.594522
4.13527e-07  0.414005  -0.587208
5.64238e-07  0.443994  -0.580115
7.60014e-07  0.473927  -0.57383
1.00683e-06  0.503532  -0.567869
1.33507e-06  0.539084  -0.561442
1.51929e-06  0.564987  -0.559218
1.54181e-06  0.575413  -0.558808
1.41473e-06  0.596058  -0.557042
1.18178e-06  0.636416  -0.552949
1.01149e-06  0.675382  -0.556312
8.43703e-07  0.710881  -0.545443
6.68879e-07  0.776124  -0.587033
7.10774e-07  0.762428  -0.502363
1.84131e-06  0.452858  0.221908
4.05405e-05  0.28006  0.662484
0.00625553  0.264728  0.588732
0.331644  0.119127  0.252454
