0.22157  -0.175606  0.0214586
0.0011001  -0.202381  -0.12477
0.000314639  -0.00262449  -0.315652
0.000712312  0.521643  -0.734895
0.00107781  0.588851  -0.844906
0.0007188  0.586709  -0.853102
7.75747e-08  0.62298  -0.964363
0.000200633  0.614298  -1.00024
0.378926  0.494657  -0.880446
0.544018  0.350642  -0.713808
0.48764  0.295209  -0.6583
0.409775  0.266755  -0.62042
0.387921  0.267132  -0.618428
0.396855  0.272007  -0.621356
0.421141  0.275889  -0.626918
0.434236  0.279654  -0.633224
0.441267  0.284871  -0.639503
0.44619  0.290841  -0.64619
0.450217  0.297525  -0.652922
0.454153  0.305031  -0.659779
0.458821  0.31328  -0.667072
0.46452  0.321919  -0.674581
0.470734  0.330666  -0.681979
0.47675  0.339477  -0.689128
0.482386  0.348433  -0.69602
0.488214  0.357561  -0.702652
0.49484  0.366621  -0.709003
0.50126  0.375499  -0.714681
0.506501  0.38474  -0.719844
0.510981  0.394135  -0.724879
0.515048  0.403597  -0.729798
0.519055  0.413154  -0.734497
0.524325  0.423038  -0.739148
0.534183  0.43309  -0.743842
0.548754  0.4419  -0.746513
0.557703  0.44977  -0.746373
0.563281  0.458182  -0.746442
0.568014  0.466699  -0.746436
0.572443  0.475124  -0.746287
0.57683  0.483489  -0.746071
0.581726  0.491919  -0.745711
0.588121  0.500386  -0.74511
0.596778  0.508681  -0.744131
0.607398  0.516536  -0.742036
0.618524  0.523884  -0.737964
0.628914  0.530979  -0.733658
0.638877  0.537747  -0.728335
0.648635  0.544178  -0.722281
0.658446  0.550359  -0.716251
0.668785  0.556281  -0.710489
0.679984  0.56185  -0.703561
0.691794  0.567016  -0.693919
0.703901  0.571923  -0.683745
0.719346  0.577047  -0.673197
0.748755  0.582069  -0.658959
0.766319  0.583318  -0.643477
0.76017  0.583383  -0.638043
0.742257  0.582891  -0.629816
0.696842  0.581404  -0.617236
0.600459  0.578749  -0.600343
0.431575  0.574821  -0.573831
0.214951  0.572422  -0.547293
0.0880156  0.574991  -0.545642
0.0324983  0.576466  -0.541435
0.0107163  0.577208  -0.53704
0.00313045  0.577421  -0.532797
0.000799707  0.577268  -0.528843
0.000173682  0.576882  -0.525341
3.00184e-05  0.576379  -0.522462
3.35279e-06  0.575904  -0.520434
1.12061e-08  0.569536  -0.513822
1.11218e-08  0.150284  -0.0549013
1.10414e-08  0.114357  -0.0196639
1.09646e-08  0.108083  -0.0171865
1.08914e-08  0.101973  -0.0151659
1.08216e-08  0.0956947  -0.0132491
1.07552e-08  0.0892554  -0.0114404
1.0692e-08  0.0826676  -0.00974596
1.06321e-08  0.0759408  -0.00817156
1.05752e-08  0.0690851  -0.00672254
1.05214e-08  0.0621114  -0.00540411
1.04705e-08  0.0550322  -0.00422123
1.04226e-08  0.0478607  -0.00317822
1.03774e-08  0.0406093  -0.00227857
1.0335e-08  0.0332894  -0.00152525
1.02953e-08  0.0259133  -0.000920863
1.02583e-08  0.0184935  -0.000467439
1.02239e-08  0.0109894  -0.000164545
1.01921e-08  0.00357659  -1.75167e-05
1.01628e-08  0.000377678  -0.000125419
1.01361e-08  0.000346295  -0.00020382
1.01118e-08  0.000315393  0.000254961
1.009e-08  0.000282836  -0.000294785
1.00705e-08  0.000250573  -0.000326258
1.00535e-08  0.000217968  -0.000351844
1.00389e-08  0.000186669  0.0003722
1.00266e-08  0.000151534  -0.00038945
1.00166e-08  0.000117392  -0.000402636
1.0009e-08  8.18626e-05  -0.000412458
1.00037e-08  4.42511e-05  -0.000418578
1.00007e-08  -4.49941e-06  0.000400791
1e-08  6.40891e-05  -0.000383797
1.00017e-08  -2.54222e-05  0.000420746
1.00057e-08  -6.48515e-05  0.000416839
1.00119e-08  -9.9629e-05  0.000408287
1.00205e-08  -0.000133485  0.000397141
1.00315e-08  -0.00016675  0.00038251
1.00448e-08  -0.000199607  0.00036412
1.00604e-08  -0.000232133  0.000341426
1.00785e-08  -0.00026436  0.000313579
1.00989e-08  -0.000295486  -0.000279658
1.01218e-08  -0.000327263  -0.000235994
1.01471e-08  -0.000359055  0.00017612
1.0175e-08  -0.000390835  6.42176e-05
1.02053e-08  -0.00655912  -5.87042e-05
1.02382e-08  -0.0140713  -0.000269581
1.02737e-08  -0.0215004  -0.000630541
1.03118e-08  -0.0288927  -0.00114094
1.03527e-08  -0.036248  -0.0017997
1.03962e-08  -0.0435564  -0.00260511
1.04426e-08  -0.0508161  -0.00355649
1.04918e-08  -0.0580434  -0.0046574
1.05439e-08  -0.0652687  -0.0059223
1.0599e-08  -0.0726442  -0.00742209
1.06572e-08  -0.0810396  -0.00964358
1.07184e-08  -0.0959117  -0.0157255
1.0783e-08  -0.125825  -0.0340128
1.08508e-08  -0.147181  -0.0499947
1.0922e-08  -0.156288  -0.0570974
1.09967e-08  -0.160838  -0.0605277
1.10751e-08  -0.164289  -0.0630988
1.11571e-08  -0.167439  -0.0655214
1.1243e-08  -0.17053  -0.0680233
1.13329e-08  -0.175181  -0.0728948
1.14269e-08  -0.208478  -0.118536
1.50261e-08  -0.430204  -0.437682
2.53244e-08  -0.527977  -0.60893
2.54949e-08  -0.549275  -0.663047
2.11877e-08  -0.571991  -0.753512
1.46593e-08  -0.548948  -0.809323
1.26007e-08  -0.518612  -0.82833
1.20855e-08  -0.49536  -0.841999
1.18413e-08  -0.475376  -0.852799
1.16474e-08  -0.4564  -0.861647
1.14873e-08  -0.437578  -0.869189
1.13572e-08  -0.418582  -0.875941
1.1246e-08  -0.399269  -0.882252
1.11431e-08  -0.379597  -0.888379
1.10424e-08  -0.359584  -0.894346
1.09372e-08  -0.339345  -0.899285
1.08054e-08  -0.31925  -0.902739
1.05733e-08  -0.299878  -0.904871
1.00636e-08  -0.27927  -0.906068
9.30387e-09  -0.256499  -0.90675
8.5044e-09  -0.234123  -0.907419
7.66864e-09  -0.213239  -0.908162
6.73941e-09  -0.197033  -0.907108
5.70775e-09  -0.186451  -0.897223
4.84166e-09  -0.176195  -0.884657
4.27389e-09  -0.166482  -0.86905
3.95977e-09  -0.157342  -0.850782
3.83624e-09  -0.148282  -0.831448
3.8425e-09  -0.138932  -0.813391
3.91893e-09  -0.129622  -0.799602
4.0401e-09  -0.120714  -0.786879
4.21163e-09  -0.113146  -0.771835
4.43021e-09  -0.107442  -0.754505
4.68261e-09  -0.103321  -0.735816
4.97848e-09  -0.100365  -0.715358
5.4547e-09  -0.100209  -0.690731
6.5191e-09  -0.106258  -0.656068
9.45124e-09  -0.119884  -0.609767
1.79021e-08  -0.130678  -0.569856
4.19236e-08  -0.129723  -0.551328
1.07888e-07  -0.122841  -0.546239
2.75256e-07  -0.119336  -0.546039
5.66842e-07  -0.0979783  -0.547551
9.94628e-07  -0.0638102  -0.55097
1.53368e-06  -0.0365992  -0.558544
1.94185e-06  -0.0200138  -0.561306
2.01872e-06  -0.00416274  -0.562223
1.64565e-06  0.0261516  -0.566376
1.18238e-06  0.0599804  -0.575749
6.49597e-07  0.0850299  -0.580769
2.86889e-07  0.107981  -0.578932
1.06268e-07  0.114748  -0.564306
3.67687e-08  0.0731809  -0.491722
1.52554e-08  -0.00656186  -0.375463
7.9275e-09  -0.0352264  -0.348039
2.81406e-09  -0.0335552  -0.276777
1.21883e-09  -0.0183796  0.152522
2.36333e-08  0.149837  0.635765
1.94156e-06  0.157475  0.607893
0.000190486  0.167855  0.540344
0.0258696  0.186243  0.452529
0.518492  0.105318  0.269285
