1.0088  0.00998591  -0.000551321
1.01247  0.0105973  -0.000550025
1.01277  0.0112013  -0.000555804
1.01298  0.0118478  -0.000566118
1.01314  0.0125037  -0.000578933
1.01325  0.0131626  -0.000593269
1.01334  0.0138211  -0.000608568
1.01341  0.0144774  -0.000624487
1.01347  0.0151305  -0.000640804
1.01351  0.0157797  -0.000657375
1.01355  0.0164248  -0.000674103
1.01358  0.0170658  -0.000690923
1.01361  0.0177026  -0.000707794
1.01363  0.0183356  -0.000724691
1.01365  0.018965  -0.000741602
1.01367  0.0195913  -0.000758523
1.01368  0.0202149  -0.000775461
1.01369  0.0208363  -0.000792426
1.01369  0.0214562  -0.000809434
1.0137  0.0220753  -0.000826507
1.0137  0.0226949  -0.000843675
1.0137  0.0233117  -0.000860899
1.01344  0.0239405  -0.000878453
1.01452  0.0245731  -0.000896421
1.01453  0.0243055  -0.000860513
1.01345  0.0249533  -0.000879856
1.01364  0.0256383  -0.000901128
1.01364  0.0263176  -0.000922304
1.01361  0.0270074  -0.000943844
1.01359  0.0277074  -0.000965772
1.01357  0.0284188  -0.000988114
1.01354  0.0291428  -0.0010109
1.01351  0.0298806  -0.00103414
1.01348  0.0306336  -0.00105787
1.01345  0.0314028  -0.00108209
1.01342  0.0321895  -0.00110683
1.01338  0.0329948  -0.00113207
1.01335  0.0338198  -0.00115783
1.01331  0.0346654  -0.00118409
1.01327  0.0355325  -0.00121083
1.01323  0.0364218  -0.00123803
1.01319  0.0373338  -0.00126564
1.01315  0.038269  -0.00129362
1.01312  0.0392274  -0.00132191
1.01276  0.0402097  -0.00135046
1.00857  0.0412345  -0.00138
1.48698e-08  0.0406919  -0.00135828
1.46267e-08  0.0123617  -0.000231756
1.43947e-08  0.0122202  -0.000224107
1.41732e-08  0.0122263  -0.000222678
1.39615e-08  0.0122256  -0.000221119
1.37593e-08  0.0122173  -0.000219408
1.35659e-08  0.0122012  -0.000217535
1.33809e-08  0.012177  -0.000215486
1.32039e-08  0.012144  -0.000213245
1.30345e-08  0.0121016  -0.000210794
1.28723e-08  0.0120491  -0.000208111
1.2717e-08  0.0119856  -0.000205175
1.25683e-08  0.0119102  -0.000201962
1.24259e-08  0.0118216  -0.000198443
1.22895e-08  0.0117185  -0.00019459
1.21588e-08  0.0115993  -0.000190373
1.20336e-08  0.0114624  -0.000185758
1.19137e-08  0.0113056  -0.00018071
1.17989e-08  0.0111268  -0.000175193
1.16889e-08  0.0109234  -0.000169167
1.15836e-08  0.0106925  -0.000162594
1.14829e-08  0.0104308  -0.000155433
1.13864e-08  0.010135  -0.000147647
1.12942e-08  0.00980068  -0.00013919
1.12061e-08  0.00942352  -0.000130024
1.11218e-08  0.00899849  -0.000120111
1.10414e-08  0.00852002  -0.000109411
1.09646e-08  0.0079819  -9.78904e-05
1.08914e-08  0.0073773  -8.55154e-05
1.08216e-08  0.00669861  -7.22553e-05
1.07552e-08  0.00593751  -5.80823e-05
1.0692e-08  0.00508474  -4.29727e-05
1.06321e-08  0.00413006  -2.6937e-05
1.05752e-08  0.00311812  -1.11483e-05
1.05214e-08  0.00248848  -6.82817e-06
1.04705e-08  0.0019289  -4.0591e-06
1.04226e-08  0.00138777  -2.08941e-06
1.03774e-08  0.00089395  -8.66286e-07
1.0335e-08  0.000469665  -2.38813e-07
1.02953e-08  0.000128621  -4.92423e-09
1.02583e-08  -0.00156624  3.04418e-05
1.02239e-08  -0.00400812  5.44012e-05
1.01921e-08  -0.00673483  7.65588e-05
1.01628e-08  -0.00977497  9.74811e-05
1.01361e-08  -0.0131597  0.000116871
1.01118e-08  -0.0169231  0.000134207
1.009e-08  -0.0211025  0.000148832
1.00705e-08  -0.0257387  0.000159966
1.00535e-08  -0.0308768  0.00016663
1.00389e-08  -0.0365657  0.000167966
1.00266e-08  -0.0428596  0.000162669
1.00166e-08  -0.049826  0.000149404
1.0009e-08  -0.0577717  0.00012691
1.00037e-08  -0.0667073  9.28975e-05
1.00007e-08  -0.0723956  4.68586e-05
1e-08  0.0780254  1.58522e-05
1.00017e-08  0.0813654  7.39131e-05
1.00057e-08  0.0832271  0.000142848
1.00119e-08  0.0847832  0.000212396
1.00205e-08  0.086109  0.000282443
1.00315e-08  0.0871692  0.000352484
1.00448e-08  0.0879175  0.00042139
1.00604e-08  0.0883102  0.000487914
1.00785e-08  0.0882043  0.000550081
1.00989e-08  0.087715  0.000606962
1.01218e-08  0.0866749  0.000656032
1.01471e-08  0.0849833  0.000694714
1.0175e-08  0.0825694  0.000720287
1.02053e-08  0.0793434  0.00072956
1.02382e-08  0.0751974  0.000719397
1.02737e-08  0.0700108  0.00068512
1.03118e-08  0.0636489  0.000622116
1.03527e-08  0.0559616  0.000525293
1.03962e-08  0.0467788  0.000389106
1.04426e-08  0.0359102  0.000208372
1.04918e-08  0.0231381  -1.84678e-05
1.05439e-08  0.00822703  -0.000259052
1.0599e-08  -0.00323249  -6.09941e-05
1.06572e-08  -0.0230626  -0.0010486
1.07184e-08  -0.0463947  -0.00168444
1.0783e-08  -0.0732089  -0.00241299
1.08508e-08  -0.10397  -0.00327599
1.0922e-08  -0.139223  -0.00430107
1.09967e-08  -0.1796  -0.00551666
1.10751e-08  -0.22584  -0.00695498
1.11571e-08  -0.27883  -0.00865394
1.1243e-08  -0.339621  -0.0106584
1.13329e-08  -0.409499  -0.0130227
1.14269e-08  -0.490041  -0.0158129
1.15251e-08  -0.583214  -0.019111
1.16278e-08  -0.691529  -0.0230204
1.1735e-08  -0.818263  -0.0276744
1.1847e-08  -0.967824  -0.0332498
1.1964e-08  -1.14647  -0.0399935
1.20861e-08  -1.36452  -0.0483055
1.22136e-08  -1.64789  -0.0591889
1.23467e-08  -2.0947  -0.0764172
1.24856e-08  -2.7221  -0.099032
1.26307e-08  -3.12055  -0.112407
1.27821e-08  -3.25677  -0.116301
1.29403e-08  -3.26928  -0.115588
1.31055e-08  -3.16824  -0.10621
1.32781e-08  -2.83317  -0.0832234
1.34584e-08  -2.53135  -0.0612389
1.36469e-08  -2.90489  -0.067423
1.3844e-08  -6.75273  -0.212909
1.40502e-08  -9.67418  -0.332754
1.4266e-08  -10.2974  -0.360288
1.44919e-08  -10.35  -0.363765
1.47285e-08  -10.3403  -0.364331
1.49765e-08  -10.2885  -0.364328
1.52366e-08  -10.204  -0.3632
1.55095e-08  -10.0953  -0.360335
1.57962e-08  -9.96282  -0.35676
1.60973e-08  -9.81611  -0.353304
1.64141e-08  -9.66174  -0.349613
1.67476e-08  -9.4963  -0.345126
1.70989e-08  -9.31056  -0.339805
1.74694e-08  -9.0932  -0.333822
1.78605e-08  -8.83737  -0.327031
1.82738e-08  -8.54531  -0.319302
1.87112e-08  -8.22719  -0.310802
1.91746e-08  -7.89563  -0.301816
1.96662e-08  -7.56241  -0.292542
2.01884e-08  -7.23094  -0.283046
2.07441e-08  -6.89965  -0.273308
2.13362e-08  -6.56752  -0.263284
2.19684e-08  -6.23265  -0.252937
2.26446e-08  -5.89335  -0.242243
2.33694e-08  -5.54942  -0.231199
2.41478e-08  -5.20216  -0.219812
2.49859e-08  -4.85266  -0.208083
2.58904e-08  -4.50176  -0.195999
2.68693e-08  -4.1499  -0.183531
2.79319e-08  -3.79693  -0.170641
2.9089e-08  -3.44249  -0.157284
3.03534e-08  -3.08599  -0.143409
3.17404e-08  -2.72669  -0.128949
3.32683e-08  -2.36309  -0.113802
3.49592e-08  -1.99032  -0.0977118
3.68402e-08  -1.58889  -0.0797194
3.89446e-08  -1.18518  -0.0603373
4.12064e-08  -0.928515  -0.0480811
5.91076e-08  -0.670643  -0.0353037
3.46781e-07  -0.276235  -0.0150453
5.33242e-06  -0.203833  -0.0113386
5.70077e-05  -0.0894154  -0.00509854
0.0017543  0.0831909  0.00121574
0.684268  0.268744  0.00639857
6.64531  -0.0113733  -0.000326971
