1.00029  0.0150997  -0.00129869
1.00886  0.0162286  -0.00131204
1.00971  0.0171579  -0.00133172
1.01019  0.0181787  -0.00135994
1.01058  0.0192043  -0.00139246
1.01086  0.0202263  -0.00142746
1.01108  0.0212412  -0.00146387
1.01126  0.0222466  -0.00150103
1.01141  0.0232411  -0.0015385
1.01153  0.0242239  -0.00157597
1.01164  0.0251943  -0.00161323
1.01173  0.026152  -0.00165012
1.01181  0.0270967  -0.00168655
1.01187  0.0280284  -0.00172242
1.01194  0.0289471  -0.00175769
1.01199  0.0298529  -0.00179234
1.01204  0.0307461  -0.00182633
1.01208  0.0316269  -0.00185969
1.01212  0.0324957  -0.0018924
1.01215  0.0333531  -0.00192449
1.01218  0.034201  -0.00195603
1.0122  0.0350292  -0.00198675
1.01178  0.0358726  -0.00201767
1.01356  0.0367143  -0.00204933
1.01363  0.0366177  -0.00199351
1.01192  0.0374098  -0.00202207
1.01218  0.0382712  -0.0020567
1.01224  0.0390935  -0.00208937
1.01222  0.0399158  -0.00212181
1.01221  0.0407364  -0.00215411
1.01219  0.0415558  -0.0021863
1.01217  0.0423751  -0.00221842
1.01215  0.0431956  -0.00225052
1.01212  0.0440182  -0.00228263
1.01209  0.0448443  -0.00231479
1.01206  0.0456749  -0.00234702
1.01202  0.0465111  -0.00237934
1.01198  0.0473539  -0.00241175
1.01194  0.0482043  -0.00244426
1.0119  0.0490632  -0.00247685
1.01185  0.0499312  -0.00250949
1.01181  0.0508089  -0.00254213
1.01177  0.051697  -0.00257472
1.01174  0.052596  -0.00260715
1.01127  0.0535012  -0.00263935
1.00215  0.0544566  -0.00267354
1.48698e-08  0.0536293  -0.00262883
1.46267e-08  0.0186944  -0.000489222
1.43947e-08  0.0181907  -0.0004539
1.41732e-08  0.0180829  -0.000444517
1.39615e-08  0.0179622  -0.000434947
1.37593e-08  0.0178268  -0.000425088
1.35659e-08  0.0176767  -0.000414948
1.33809e-08  0.0175117  -0.000404533
1.32039e-08  0.0173316  -0.000393843
1.30345e-08  0.0171363  -0.000382878
1.28723e-08  0.0169254  -0.000371636
1.2717e-08  0.0166985  -0.000360116
1.25683e-08  0.0164552  -0.000348313
1.24259e-08  0.016195  -0.00033622
1.22895e-08  0.0159172  -0.000323829
1.21588e-08  0.0156211  -0.000311134
1.20336e-08  0.0153058  -0.000298121
1.19137e-08  0.0149703  -0.000284783
1.17989e-08  0.0146135  -0.000271105
1.16889e-08  0.0142339  -0.000257077
1.15836e-08  0.0138301  -0.000242686
1.14829e-08  0.0134003  -0.000227925
1.13864e-08  0.0129426  -0.000212786
1.12942e-08  0.0124547  -0.000197261
1.12061e-08  0.0119341  -0.000181354
1.11218e-08  0.0113781  -0.00016507
1.10414e-08  0.0107833  -0.00014843
1.09646e-08  0.0101464  -0.000131466
1.08914e-08  0.00946343  -0.000114234
1.08216e-08  0.00872991  -9.68234e-05
1.07552e-08  0.00794105  -7.93751e-05
1.0692e-08  0.00709145  -6.21175e-05
1.06321e-08  0.00617507  -4.54374e-05
1.05752e-08  0.00521922  -3.06104e-05
1.05214e-08  0.00449459  -2.25961e-05
1.04705e-08  0.00381036  -1.62624e-05
1.04226e-08  0.00313468  -1.10502e-05
1.03774e-08  0.00248554  -7.00056e-06
1.0335e-08  0.00187695  -4.04156e-06
1.02953e-08  0.00131763  -2.02815e-06
1.02583e-08  0.000812509  -7.90909e-07
1.02239e-08  0.000400051  -1.98842e-07
1.01921e-08  0.000135616  -2.3332e-08
1.01628e-08  6.05849e-05  -1.77677e-05
1.01361e-08  -0.000479196  2.34244e-05
1.01118e-08  -0.00307849  6.50664e-05
1.009e-08  -0.00594195  9.25754e-05
1.00705e-08  -0.00909474  0.000113689
1.00535e-08  -0.0125647  0.00012889
1.00389e-08  -0.0163824  0.000137711
1.00266e-08  -0.0205818  0.000139173
1.00166e-08  -0.0252078  0.000131954
1.0009e-08  -0.0304896  0.000114974
1.00037e-08  -0.0362917  8.54868e-05
1.00007e-08  -0.0398984  4.28416e-05
1e-08  0.0433913  1.395e-05
1.00017e-08  0.0451951  6.87233e-05
1.00057e-08  0.0460347  0.000134094
1.00119e-08  0.0466727  0.000200418
1.00205e-08  0.0471735  0.000267501
1.00315e-08  0.0475175  0.000334949
1.00448e-08  0.0476768  0.000401736
1.00604e-08  0.047622  0.000466707
1.00785e-08  0.0472747  0.000527925
1.00989e-08  0.0466946  0.000584713
1.01218e-08  0.0457885  0.000634636
1.01471e-08  0.0444903  0.000675207
1.0175e-08  0.0427556  0.000703868
1.02053e-08  0.04053  0.000717508
1.02382e-08  0.0377466  0.000712982
1.02737e-08  0.0343302  0.000686484
1.03118e-08  0.0301962  0.000633049
1.03527e-08  0.0252501  0.000548108
1.03962e-08  0.0193836  0.000426823
1.04426e-08  0.0124749  0.000265862
1.04918e-08  0.00437811  7.23455e-05
1.05439e-08  -0.00157732  -2.79756e-06
1.0599e-08  -0.00548553  -4.68976e-05
1.06572e-08  -0.0181419  -0.000709188
1.07184e-08  -0.0330675  -0.00132171
1.0783e-08  -0.0502198  -0.00203128
1.08508e-08  -0.0699355  -0.00287809
1.0922e-08  -0.0926006  -0.00389185
1.09967e-08  -0.11867  -0.00510423
1.10751e-08  -0.148693  -0.00655205
1.11571e-08  -0.183345  -0.00827981
1.1243e-08  -0.223457  -0.0103419
1.13329e-08  -0.270087  -0.0128069
1.14269e-08  -0.324601  -0.0157623
1.15251e-08  -0.388813  -0.0193231
1.16278e-08  -0.46523  -0.023646
1.1735e-08  -0.557512  -0.0289562
1.1847e-08  -0.671733  -0.0356191
1.1964e-08  -0.822356  -0.0444818
1.20861e-08  -1.0643  -0.0587205
1.22136e-08  -1.49415  -0.0832726
1.23467e-08  -1.82072  -0.101452
1.24856e-08  -1.94158  -0.108074
1.26307e-08  -1.95791  -0.108675
1.27821e-08  -1.93402  -0.104843
1.29403e-08  -2.03674  -0.106854
1.31055e-08  -3.38245  -0.176157
1.32781e-08  -5.35663  -0.288745
1.34584e-08  -6.01569  -0.329187
1.36469e-08  -6.09565  -0.335864
1.3844e-08  -6.08524  -0.336797
1.40502e-08  -6.01234  -0.336758
1.4266e-08  -5.9259  -0.335506
1.44919e-08  -5.84919  -0.33308
1.47285e-08  -5.77032  -0.330797
1.49765e-08  -5.68058  -0.328511
1.52366e-08  -5.58321  -0.325803
1.55095e-08  -5.48389  -0.322327
1.57962e-08  -5.36867  -0.317991
1.60973e-08  -5.23432  -0.312974
1.64141e-08  -5.08688  -0.30743
1.67476e-08  -4.92876  -0.301271
1.70989e-08  -4.76405  -0.29452
1.74694e-08  -4.6005  -0.287484
1.78605e-08  -4.4381  -0.280357
1.82738e-08  -4.27596  -0.273076
1.87112e-08  -4.11378  -0.265571
1.91746e-08  -3.95118  -0.257824
1.96662e-08  -3.78757  -0.249813
2.01884e-08  -3.62235  -0.241525
2.07441e-08  -3.45515  -0.23295
2.13362e-08  -3.28602  -0.224089
2.19684e-08  -3.1154  -0.214952
2.26446e-08  -2.94386  -0.205551
2.33694e-08  -2.77169  -0.19589
2.41478e-08  -2.5989  -0.185959
2.49859e-08  -2.42547  -0.175745
2.58904e-08  -2.25142  -0.165235
2.68693e-08  -2.0765  -0.154404
2.79319e-08  -1.90057  -0.143231
2.9089e-08  -1.72339  -0.131683
3.03534e-08  -1.54439  -0.119707
3.17404e-08  -1.36109  -0.107126
3.32683e-08  -1.16066  -0.0928914
3.49592e-08  -0.978082  -0.079467
3.62669e-08  -0.935606  -0.0770536
3.79206e-08  -0.894048  -0.0746173
4.52467e-08  -0.749705  -0.0631801
1.06938e-07  -0.385712  -0.0333282
8.56575e-07  -0.228294  -0.0200643
8.64204e-06  -0.1911  -0.0169298
4.99664e-05  -0.0939823  -0.00830977
0.000994127  0.304523  0.0048852
0.970948  0.290373  0.0119649
6.3509  -0.015748  -0.000750134
