0.00459303  -0.0898555  0.0347666
9.00555e-06  0.233484  0.393222
4.1997e-07  0.274337  0.392862
1.19694e-07  0.943666  0.913655
1.01327e-07  1.00268  0.980224
8.78637e-08  1.01239  0.989753
7.75747e-08  1.01077  0.987996
6.94572e-08  1.00792  0.984989
6.28908e-08  1.00525  0.982206
5.74708e-08  1.00314  0.98
5.29222e-08  1.00139  0.978175
4.90513e-08  0.999929  0.976634
4.57179e-08  0.998676  0.975317
4.2818e-08  0.997593  0.974177
4.02728e-08  0.996647  0.973183
3.80216e-08  0.995811  0.972307
3.60165e-08  0.995067  0.971531
3.42199e-08  0.994398  0.970839
3.26012e-08  0.993794  0.970219
3.11356e-08  0.993242  0.969661
2.98026e-08  0.992737  0.969156
2.85855e-08  0.99227  0.968697
2.747e-08  0.991836  0.96828
2.64441e-08  0.991431  0.9679
2.54978e-08  0.99105  0.967551
2.46224e-08  0.990691  0.967232
2.38105e-08  0.990349  0.96694
2.30555e-08  0.990023  0.96667
2.23519e-08  0.989711  0.966423
2.16949e-08  0.98941  0.966195
2.10802e-08  0.989119  0.965985
2.05039e-08  0.988836  0.965792
1.99628e-08  0.988561  0.965614
1.94539e-08  0.988292  0.96545
1.89746e-08  0.988028  0.9653
1.85225e-08  0.987768  0.965162
1.80955e-08  0.987512  0.965036
1.76918e-08  0.987258  0.96492
1.73097e-08  0.987007  0.964815
1.69475e-08  0.986757  0.964719
1.66039e-08  0.986508  0.964633
1.62777e-08  0.98626  0.964555
1.59676e-08  0.986012  0.964485
1.56728e-08  0.985764  0.964423
1.53921e-08  0.985515  0.964369
1.51247e-08  0.985266  0.964322
1.48698e-08  0.985015  0.964282
1.46267e-08  0.984763  0.964248
1.43947e-08  0.98451  0.964221
1.41732e-08  0.984256  0.9642
1.39615e-08  0.983999  0.964185
1.37593e-08  0.983741  0.964176
1.35659e-08  0.983481  0.964172
1.33809e-08  0.983219  0.964174
1.32039e-08  0.982954  0.96418
1.30345e-08  0.982688  0.964192
1.28723e-08  0.982419  0.964209
1.2717e-08  0.982147  0.964231
1.25683e-08  0.981874  0.964257
1.24259e-08  0.981598  0.964288
1.22895e-08  0.98132  0.964323
1.21588e-08  0.981039  0.964363
1.20336e-08  0.980757  0.964407
1.19137e-08  0.980472  0.964455
1.17989e-08  0.980184  0.964508
1.16889e-08  0.979895  0.964564
1.15836e-08  0.979603  0.964624
1.14829e-08  0.979309  0.964689
1.13864e-08  0.979014  0.964757
1.12942e-08  0.978716  0.964828
1.12061e-08  0.978417  0.964904
1.11218e-08  0.978115  0.964983
1.10414e-08  0.977812  0.965066
1.09646e-08  0.977508  0.965152
1.08914e-08  0.977202  0.965242
1.08216e-08  0.976895  0.965335
1.07552e-08  0.976586  0.965431
1.0692e-08  0.976276  0.965531
1.06321e-08  0.975965  0.965634
1.05752e-08  0.975654  0.96574
1.05214e-08  0.975341  0.965849
1.04705e-08  0.975028  0.965962
1.04226e-08  0.974714  0.966077
1.03774e-08  0.9744  0.966196
1.0335e-08  0.974086  0.966317
1.02953e-08  0.973772  0.966442
1.02583e-08  0.973457  0.966569
1.02239e-08  0.973143  0.9667
1.01921e-08  0.972829  0.966833
1.01628e-08  0.972516  0.966969
1.01361e-08  0.972203  0.967107
1.01118e-08  0.971891  0.967249
1.009e-08  0.97158  0.967393
1.00705e-08  0.97127  0.967539
1.00535e-08  0.970961  0.967688
1.00389e-08  0.970654  0.96784
1.00266e-08  0.970348  0.967994
1.00166e-08  0.970044  0.968151
1.0009e-08  0.969742  0.96831
1.00037e-08  0.969441  0.968472
1.00007e-08  0.969143  0.968636
1e-08  0.968848  0.968802
1.00017e-08  0.968555  0.968971
1.00057e-08  0.968264  0.969141
1.00119e-08  0.967976  0.969314
1.00205e-08  0.967692  0.969489
1.00315e-08  0.96741  0.969667
1.00448e-08  0.967132  0.969846
1.00604e-08  0.966857  0.970028
1.00785e-08  0.966585  0.970211
1.00989e-08  0.966318  0.970396
1.01218e-08  0.966054  0.970584
1.01471e-08  0.965795  0.970773
1.0175e-08  0.965539  0.970964
1.02053e-08  0.965288  0.971157
1.02382e-08  0.965042  0.971352
1.02737e-08  0.9648  0.971549
1.03118e-08  0.964563  0.971747
1.03527e-08  0.96433  0.971947
1.03962e-08  0.964103  0.972149
1.04426e-08  0.963881  0.972352
1.04918e-08  0.963665  0.972557
1.05439e-08  0.963454  0.972764
1.0599e-08  0.963248  0.972972
1.06572e-08  0.963049  0.973182
1.07184e-08  0.962855  0.973393
1.0783e-08  0.962667  0.973606
1.08508e-08  0.962486  0.97382
1.0922e-08  0.962311  0.974035
1.09967e-08  0.962142  0.974252
1.10751e-08  0.961979  0.974471
1.11571e-08  0.961824  0.974691
1.1243e-08  0.961675  0.974912
1.13329e-08  0.961533  0.975134
1.14269e-08  0.961398  0.975358
1.15251e-08  0.96127  0.975583
1.16278e-08  0.96115  0.97581
1.1735e-08  0.961037  0.976037
1.1847e-08  0.960931  0.976266
1.1964e-08  0.960833  0.976497
1.20861e-08  0.960743  0.976729
1.22136e-08  0.960661  0.976962
1.23467e-08  0.960587  0.977197
1.24856e-08  0.96052  0.977433
1.26307e-08  0.960463  0.97767
1.27821e-08  0.960413  0.977909
1.29403e-08  0.960372  0.97815
1.31055e-08  0.96034  0.978392
1.32781e-08  0.960316  0.978636
1.34584e-08  0.960302  0.978881
1.36469e-08  0.960297  0.979128
1.3844e-08  0.960301  0.979378
1.40502e-08  0.960314  0.979629
1.4266e-08  0.960337  0.979882
1.44919e-08  0.960369  0.980138
1.47285e-08  0.960412  0.980396
1.49765e-08  0.960465  0.980657
1.52366e-08  0.960529  0.98092
1.55095e-08  0.960603  0.981187
1.57962e-08  0.960688  0.981456
1.60973e-08  0.960785  0.981729
1.64141e-08  0.960893  0.982006
1.67476e-08  0.961013  0.982287
1.70989e-08  0.961145  0.982573
1.74694e-08  0.96129  0.982863
1.78605e-08  0.961449  0.983159
1.82738e-08  0.961621  0.98346
1.87112e-08  0.961808  0.983768
1.91746e-08  0.96201  0.984084
1.96662e-08  0.962227  0.984406
2.01884e-08  0.962461  0.984738
2.07441e-08  0.962713  0.985079
2.13362e-08  0.962983  0.985431
2.19684e-08  0.963273  0.985794
2.26446e-08  0.963585  0.986171
2.33694e-08  0.963919  0.986562
2.41478e-08  0.964278  0.98697
2.49859e-08  0.964663  0.987397
2.58904e-08  0.965077  0.987844
2.68693e-08  0.965524  0.988315
2.79319e-08  0.966005  0.988813
2.9089e-08  0.966526  0.989342
3.03534e-08  0.96709  0.989907
3.17404e-08  0.967704  0.990512
3.32683e-08  0.968373  0.991165
3.49592e-08  0.969107  0.991872
3.68402e-08  0.969914  0.992645
3.89446e-08  0.970807  0.993495
4.13142e-08  0.971802  0.994436
4.40016e-08  0.972918  0.995488
4.70746e-08  0.97418  0.996676
5.06217e-08  0.975638  0.998035
5.47605e-08  0.904803  0.908208
5.96514e-08  0.634074  0.563204
0.000131515  0.46715  0.341754
0.0101486  0.135956  0.0415052
