1.01215  0.00692677  -0.000257107
1.01385  0.00727589  -0.000252752
1.01398  0.00766799  -0.000253579
1.01407  0.00809198  -0.000257227
1.01414  0.00852892  -0.00026249
1.01419  0.0089727  -0.000268768
1.01423  0.00942024  -0.000275726
1.01426  0.0098699  -0.000283161
1.01428  0.0103208  -0.000290948
1.0143  0.0107727  -0.000299008
1.01431  0.0112254  -0.000307288
1.01432  0.011679  -0.000315758
1.01433  0.0121337  -0.0003244
1.01434  0.0125901  -0.000333205
1.01434  0.0130484  -0.000342173
1.01435  0.0135094  -0.000351306
1.01435  0.0139735  -0.000360614
1.01435  0.0144416  -0.000370109
1.01435  0.0149144  -0.000379805
1.01434  0.0153927  -0.000389719
1.01434  0.0158776  -0.000399871
1.01433  0.0163684  -0.000410266
1.01418  0.0168722  -0.00042099
1.01484  0.0173849  -0.000432058
1.01484  0.0170135  -0.000408233
1.01416  0.0175713  -0.000421126
1.01427  0.018156  -0.000434861
1.01426  0.0187505  -0.000448898
1.01425  0.0193618  -0.000463366
1.01423  0.0199907  -0.000478283
1.01421  0.0206384  -0.000493666
1.01419  0.0213062  -0.000509534
1.01417  0.0219954  -0.000525901
1.01414  0.0227072  -0.000542779
1.01412  0.0234431  -0.000560178
1.01409  0.024204  -0.000578103
1.01407  0.0249913  -0.000596558
1.01404  0.0258059  -0.000615539
1.01401  0.0266489  -0.00063504
1.01398  0.0275211  -0.000655046
1.01396  0.0284233  -0.00067554
1.01393  0.0293559  -0.000696493
1.0139  0.0303193  -0.000717873
1.01387  0.0313134  -0.000739635
1.01364  0.0323398  -0.000761756
1.01177  0.0334072  -0.000784484
1.48698e-08  0.033044  -0.000772894
1.46267e-08  0.00956431  -0.000149442
1.43947e-08  0.00962067  -0.000149622
1.41732e-08  0.00973735  -0.000151433
1.39615e-08  0.00985194  -0.000153173
1.37593e-08  0.00996407  -0.00015483
1.35659e-08  0.0100731  -0.000156387
1.33809e-08  0.0101782  -0.000157821
1.32039e-08  0.0102783  -0.000159109
1.30345e-08  0.0103724  -0.000160225
1.28723e-08  0.010459  -0.000161139
1.2717e-08  0.0105366  -0.000161822
1.25683e-08  0.0106033  -0.000162238
1.24259e-08  0.0106571  -0.000162352
1.22895e-08  0.0106956  -0.000162125
1.21588e-08  0.0107162  -0.000161515
1.20336e-08  0.0107156  -0.000160477
1.19137e-08  0.0106906  -0.000158965
1.17989e-08  0.0106371  -0.00015693
1.16889e-08  0.0105508  -0.000154321
1.15836e-08  0.0104267  -0.000151082
1.14829e-08  0.0102595  -0.000147161
1.13864e-08  0.0100431  -0.000142499
1.12942e-08  0.00977053  -0.000137035
1.12061e-08  0.00943421  -0.000130706
1.11218e-08  0.00902578  -0.000123444
1.10414e-08  0.00853589  -0.000115175
1.09646e-08  0.00795422  -0.00010581
1.08914e-08  0.00726935  -9.52354e-05
1.08216e-08  0.00646868  -8.32814e-05
1.07552e-08  0.00553836  -6.96543e-05
1.0692e-08  0.00446311  -5.37271e-05
1.06321e-08  0.00322606  -3.37894e-05
1.05752e-08  0.00189992  -4.98111e-06
1.05214e-08  0.00119962  -1.53742e-06
1.04705e-08  0.000615904  -3.7903e-07
1.04226e-08  6.49293e-05  -2.648e-07
1.03774e-08  -0.00202996  3.70363e-06
1.0335e-08  -0.00463033  1.88239e-05
1.02953e-08  -0.00756975  3.6373e-05
1.02583e-08  -0.0108832  5.5005e-05
1.02239e-08  -0.0146097  7.40368e-05
1.01921e-08  -0.0187908  9.29332e-05
1.01628e-08  -0.0234729  0.000111184
1.01361e-08  -0.0287062  0.000128246
1.01118e-08  -0.0345459  0.000143514
1.009e-08  -0.0410516  0.0001563
1.00705e-08  -0.0482894  0.000165819
1.00535e-08  -0.056331  0.000171111
1.00389e-08  -0.065255  0.000171264
1.00266e-08  -0.0751474  0.000165066
1.00166e-08  -0.08611  0.000151164
1.0009e-08  -0.0985364  0.000128206
1.00037e-08  -0.112777  9.42804e-05
1.00007e-08  -0.122312  4.86397e-05
1e-08  0.131725  1.75698e-05
1.00017e-08  0.13727  7.57376e-05
1.00057e-08  0.140556  0.000143897
1.00119e-08  0.143386  0.000211902
1.00205e-08  0.145835  0.000279737
1.00315e-08  0.147843  0.000346679
1.00448e-08  0.149332  0.000411459
1.00604e-08  0.15023  0.000472664
1.00785e-08  0.150321  0.00052825
1.00989e-08  0.149757  0.000576942
1.01218e-08  0.148283  0.000616048
1.01471e-08  0.145738  0.000642811
1.0175e-08  0.14201  0.000654275
1.02053e-08  0.136948  0.000647338
1.02382e-08  0.130382  0.000617718
1.02737e-08  0.122116  0.000560937
1.03118e-08  0.111936  0.000472023
1.03527e-08  0.0996058  0.000345327
1.03962e-08  0.0848561  0.000174619
1.04426e-08  0.0673902  -4.65462e-05
1.04918e-08  0.0468724  -0.000323299
1.05439e-08  0.0229281  -0.000647261
1.0599e-08  -0.00187882  -0.000208252
1.06572e-08  -0.0334806  -0.00158751
1.07184e-08  -0.0705518  -0.00226926
1.0783e-08  -0.113053  -0.00305554
1.08508e-08  -0.161653  -0.00398188
1.0922e-08  -0.217128  -0.0050734
1.09967e-08  -0.280363  -0.00635625
1.10751e-08  -0.352368  -0.00785972
1.11571e-08  -0.434329  -0.00961764
1.1243e-08  -0.527608  -0.011669
1.13329e-08  -0.633816  -0.0140595
1.14269e-08  -0.754853  -0.016843
1.15251e-08  -0.892979  -0.0200831
1.16278e-08  -1.05092  -0.023856
1.1735e-08  -1.23201  -0.0282539
1.1847e-08  -1.44036  -0.0333893
1.1964e-08  -1.68114  -0.039402
1.20861e-08  -1.96099  -0.0464685
1.22136e-08  -2.28884  -0.0548225
1.23467e-08  -2.67905  -0.06484
1.24856e-08  -3.16964  -0.0775541
1.26307e-08  -3.9042  -0.0967388
1.27821e-08  -4.7882  -0.117039
1.29403e-08  -5.30445  -0.127172
1.31055e-08  -5.45821  -0.129033
1.32781e-08  -5.43913  -0.123147
1.34584e-08  -5.14744  -0.101257
1.36469e-08  -4.48912  -0.0645384
1.3844e-08  -3.58054  -0.0201973
1.40502e-08  -2.67198  0.0272598
1.4266e-08  -2.36713  0.0561799
1.44919e-08  -7.8907  -0.0953436
1.47285e-08  -15.2123  -0.329026
1.49765e-08  -17.2516  -0.396684
1.52366e-08  -17.4484  -0.403552
1.55095e-08  -17.468  -0.404663
1.57962e-08  -17.4693  -0.405041
1.60973e-08  -17.4574  -0.405045
1.64141e-08  -17.4129  -0.404014
1.67476e-08  -17.3187  -0.401109
1.70989e-08  -17.1671  -0.396873
1.74694e-08  -16.9643  -0.392067
1.78605e-08  -16.7254  -0.386734
1.82738e-08  -16.4634  -0.380663
1.87112e-08  -16.1768  -0.373842
1.91746e-08  -15.8455  -0.366255
1.96662e-08  -15.4396  -0.3577
2.01884e-08  -14.9381  -0.347987
2.07441e-08  -14.3441  -0.337156
2.13362e-08  -13.6839  -0.325455
2.19684e-08  -12.991  -0.313165
2.26446e-08  -12.2886  -0.30045
2.33694e-08  -11.5845  -0.287346
2.41478e-08  -10.876  -0.273819
2.49859e-08  -10.158  -0.259833
2.58904e-08  -9.42886  -0.245373
2.68693e-08  -8.69058  -0.230427
2.79319e-08  -7.94692  -0.214955
2.9089e-08  -7.20074  -0.198882
3.03534e-08  -6.45299  -0.18211
3.17404e-08  -5.70273  -0.164521
3.32683e-08  -4.94828  -0.145993
3.49592e-08  -4.18685  -0.126368
3.68402e-08  -3.41068  -0.105347
3.89446e-08  -2.58977  -0.0819598
4.13142e-08  -1.74812  -0.0560856
4.40016e-08  -1.04576  -0.0342252
1.48964e-07  -0.395469  -0.0133439
3.06311e-06  -0.227952  -0.00794838
5.68184e-05  -0.0946794  -0.0034939
0.00218102  0.0335303  0.000273518
0.500326  0.221259  0.00295147
6.83475  -0.00731005  -0.000118654
