0.206813  -0.157209  0.0488167
0.00185263  -0.333656  0.106137
7.876e-06  -0.0501449  -0.203001
1.61053e-05  0.194865  -0.447943
1.04339e-05  0.238475  -0.504926
4.9677e-06  0.381884  -0.723658
2.41005e-06  0.501789  -0.873655
6.94572e-08  0.712894  -1.13321
6.28908e-08  0.714731  -1.10057
5.74708e-08  0.664542  -1.02916
5.29222e-08  0.657127  -1.03169
4.90513e-08  0.642681  -1.05788
4.59996e-08  0.601836  -1.12469
4.2818e-08  0.565217  -1.16043
4.02728e-08  0.63266  -1.28701
0.189919  0.566015  -1.20079
0.377051  0.506451  -1.1345
0.384314  0.472146  -1.0963
0.360047  0.439021  -1.06769
0.351261  0.423813  -1.05311
0.351968  0.410653  -1.04331
0.353466  0.404479  -1.04378
0.354994  0.403757  -1.04905
0.356481  0.405001  -1.05485
0.357567  0.407151  -1.06093
0.35869  0.410394  -1.06752
0.360839  0.415086  -1.0752
0.364526  0.420793  -1.08361
0.369226  0.426997  -1.09217
0.374259  0.43347  -1.1005
0.379133  0.440059  -1.10845
0.38342  0.447119  -1.11624
0.387185  0.454626  -1.12355
0.390551  0.462539  -1.13072
0.393654  0.470803  -1.13789
0.396607  0.479367  -1.1449
0.399534  0.488227  -1.15164
0.402949  0.497511  -1.15831
0.408255  0.507229  -1.16502
0.41748  0.516965  -1.17171
0.429352  0.525464  -1.17493
0.43693  0.533383  -1.17513
0.442297  0.54179  -1.17557
0.446988  0.550394  -1.17583
0.45133  0.559016  -1.17579
0.455492  0.567657  -1.17552
0.459614  0.576363  -1.17515
0.464049  0.58526  -1.1746
0.469516  0.594346  -1.17368
0.476799  0.60347  -1.17229
0.486279  0.612365  -1.17046
0.497529  0.620722  -1.16735
0.509213  0.628408  -1.15897
0.520382  0.635934  -1.14965
0.531212  0.64317  -1.14096
0.541872  0.650081  -1.13288
0.552554  0.656732  -1.12363
0.563543  0.663124  -1.11227
0.57509  0.669282  -1.09942
0.587783  0.675365  -1.08536
0.604414  0.681779  -1.06959
0.636974  0.688941  -1.05106
0.674366  0.689929  -1.02004
0.682159  0.689262  -1.00318
0.676162  0.688824  -0.995878
0.660767  0.687284  -0.981281
0.621276  0.683867  -0.959019
0.538402  0.678058  -0.927559
0.391633  0.668851  -0.875785
0.204777  0.662919  -0.832904
0.0951446  0.66815  -0.830273
0.0421018  0.671694  -0.823326
0.0175603  0.674205  -0.815927
0.00687573  0.67584  -0.808219
0.00252246  0.676773  -0.800355
0.00086642  0.677175  -0.792484
0.000278553  0.677179  -0.784722
8.37865e-05  0.676888  -0.777166
2.35455e-05  0.676409  -0.769944
6.15767e-06  0.675812  -0.763181
1.47786e-06  0.67495  -0.756821
3.06004e-07  0.672061  -0.749078
3.89832e-08  0.637926  -0.705794
1.03774e-08  0.130632  -0.105233
1.0335e-08  0.035198  -0.0021578
1.02953e-08  0.027056  -0.00101953
1.02583e-08  0.0192921  -0.000513961
1.02239e-08  0.0114288  -0.000179048
1.01921e-08  0.00368026  -1.85984e-05
1.01628e-08  0.000376961  -0.000127047
1.01361e-08  0.000345482  -0.000204486
1.01118e-08  0.000314458  0.000255484
1.009e-08  0.000281767  -0.000295237
1.00705e-08  0.000249339  -0.000326661
1.00535e-08  0.000216524  -0.000352188
1.00389e-08  0.000184983  0.000372516
1.00266e-08  0.000149427  -0.000389243
1.00166e-08  0.000113072  -0.000402539
1.0009e-08  7.72917e-05  -0.000414795
1.00037e-08  3.97145e-05  -0.000424694
1.00007e-08  -5.77756e-06  0.000419363
1e-08  0.000194918  -0.000417477
1.00017e-08  -2.31391e-05  0.000420591
1.00057e-08  -5.91282e-05  0.000419654
1.00119e-08  -9.42087e-05  0.000410032
1.00205e-08  -0.000130037  0.000396572
1.00315e-08  -0.000164748  0.000382643
1.00448e-08  -0.000197799  0.000364492
1.00604e-08  -0.000230586  0.000341852
1.00785e-08  -0.000262995  0.000314072
1.00989e-08  -0.000294273  -0.000280231
1.01218e-08  -0.00032618  -0.000236685
1.01471e-08  -0.000358131  0.000177047
1.0175e-08  -0.000387743  6.62007e-05
1.02053e-08  -0.00678484  -6.30656e-05
1.02382e-08  -0.0146836  -0.000295912
1.02737e-08  -0.0224787  -0.000697678
1.03118e-08  -0.0302238  -0.0012689
1.03527e-08  -0.0379191  -0.00200935
1.03962e-08  -0.0455515  -0.00291737
1.04426e-08  -0.0531232  -0.00399314
1.04918e-08  -0.0606653  -0.00524683
1.05439e-08  -0.0683214  -0.00674906
1.0599e-08  -0.0769933  -0.0089399
1.06572e-08  -0.0899139  -0.0136518
1.07184e-08  -0.105343  -0.0218208
1.0783e-08  -0.115669  -0.0277757
1.08508e-08  -0.122836  -0.0320929
1.0922e-08  -0.13363  -0.0449799
1.09967e-08  -0.221585  -0.20947
1.91702e-08  -0.384538  -0.573441
2.18138e-08  -0.415427  -0.682708
1.91363e-08  -0.422089  -0.765958
1.23058e-08  -0.388025  -0.857427
9.38314e-09  -0.338692  -0.892011
8.58831e-09  -0.297569  -0.913193
8.43086e-09  -0.264303  -0.926706
8.41978e-09  -0.235562  -0.936897
8.4126e-09  -0.20869  -0.946026
8.38714e-09  -0.182806  -0.953821
8.33951e-09  -0.157554  -0.960246
8.26941e-09  -0.132633  -0.965314
8.18869e-09  -0.107575  -0.96951
8.11555e-09  -0.0821189  -0.973775
8.05167e-09  -0.0564323  -0.977598
7.99674e-09  -0.030552  -0.980993
7.95157e-09  -0.00456342  -0.983982
7.91986e-09  0.0213926  -0.986661
7.88207e-09  0.046842  -0.98766
7.81082e-09  0.0719015  -0.987623
7.63625e-09  0.0967159  -0.986806
7.31613e-09  0.121768  -0.985295
6.8842e-09  0.146707  -0.983192
6.48246e-09  0.172367  -0.980759
6.05904e-09  0.197611  -0.978193
5.87834e-09  0.22286  -0.975294
5.62939e-09  0.241288  -0.971356
5.21829e-09  0.25522  -0.964328
4.69049e-09  0.26667  -0.9526
4.20826e-09  0.272134  -0.937216
3.90064e-09  0.274984  -0.919818
3.71152e-09  0.276219  -0.900335
3.61065e-09  0.2782  -0.881566
3.60099e-09  0.282493  -0.861608
3.64782e-09  0.287425  -0.847644
3.78138e-09  0.294128  -0.838815
4.06997e-09  0.299359  -0.822719
4.446e-09  0.298391  -0.803819
4.86844e-09  0.293856  -0.783955
5.57341e-09  0.284529  -0.760946
7.49971e-09  0.258313  -0.727493
1.26427e-08  0.204111  -0.680471
2.35329e-08  0.155095  -0.638638
4.7722e-08  0.142773  -0.618713
1.02239e-07  0.151286  -0.612643
1.91564e-07  0.169699  -0.609137
3.09696e-07  0.194879  -0.604821
4.61208e-07  0.225516  -0.599799
6.7124e-07  0.259131  -0.595552
9.48765e-07  0.289797  -0.593193
1.29966e-06  0.319296  -0.590471
1.5837e-06  0.35435  -0.586642
1.59506e-06  0.366543  -0.58566
1.4274e-06  0.388415  -0.583969
1.14164e-06  0.427935  -0.581228
8.9295e-07  0.472321  -0.580152
7.09332e-07  0.51247  -0.582657
5.47319e-07  0.540804  -0.582262
3.79794e-07  0.562372  -0.568858
1.93142e-07  0.552568  -0.565168
7.91119e-08  0.500566  -0.597703
5.84982e-08  0.165414  0.4962
4.88681e-08  0.0136341  0.523103
5.85082e-05  0.267347  0.66781
0.00625289  0.265196  0.621936
0.362793  0.119286  0.277792
