0.00421036  -0.0813449  0.0521265
4.91256e-05  0.440914  0.588863
1.46236e-07  0.879173  0.596249
1.19694e-07  0.989283  0.913098
1.01327e-07  1.01525  0.986691
8.78637e-08  1.01424  0.990744
7.75747e-08  1.01108  0.988199
6.94572e-08  1.00776  0.984929
6.28908e-08  1.00514  0.982169
5.74708e-08  1.00304  0.979972
5.29222e-08  1.00131  0.978152
4.90513e-08  0.999847  0.976617
4.57179e-08  0.998599  0.975303
4.2818e-08  0.997519  0.974167
4.02728e-08  0.996575  0.973176
3.80216e-08  0.995742  0.972303
3.60165e-08  0.995  0.971529
3.42199e-08  0.994333  0.97084
3.26012e-08  0.99373  0.970221
3.11356e-08  0.993181  0.969664
2.98026e-08  0.992677  0.969161
2.85855e-08  0.992211  0.968704
2.747e-08  0.991779  0.968288
2.64441e-08  0.991375  0.967908
2.54978e-08  0.990995  0.967561
2.46224e-08  0.990636  0.967243
2.38105e-08  0.990296  0.966951
2.30555e-08  0.989971  0.966683
2.23519e-08  0.989659  0.966436
2.16949e-08  0.989359  0.966209
2.10802e-08  0.989069  0.965999
2.05039e-08  0.988787  0.965807
1.99628e-08  0.988513  0.965629
1.94539e-08  0.988245  0.965466
1.89746e-08  0.987981  0.965316
1.85225e-08  0.987722  0.965179
1.80955e-08  0.987467  0.965053
1.76918e-08  0.987214  0.964937
1.73097e-08  0.986963  0.964832
1.69475e-08  0.986714  0.964737
1.66039e-08  0.986466  0.964651
1.62777e-08  0.986218  0.964573
1.59676e-08  0.985971  0.964504
1.56728e-08  0.985723  0.964442
1.53921e-08  0.985475  0.964388
1.51247e-08  0.985226  0.964341
1.48698e-08  0.984977  0.964301
1.46267e-08  0.984726  0.964268
1.43947e-08  0.984473  0.964241
1.41732e-08  0.984219  0.96422
1.39615e-08  0.983964  0.964204
1.37593e-08  0.983706  0.964195
1.35659e-08  0.983447  0.964191
1.33809e-08  0.983185  0.964193
1.32039e-08  0.982921  0.9642
1.30345e-08  0.982655  0.964211
1.28723e-08  0.982387  0.964228
1.2717e-08  0.982117  0.96425
1.25683e-08  0.981844  0.964276
1.24259e-08  0.981569  0.964307
1.22895e-08  0.981292  0.964342
1.21588e-08  0.981012  0.964382
1.20336e-08  0.98073  0.964426
1.19137e-08  0.980446  0.964474
1.17989e-08  0.980159  0.964526
1.16889e-08  0.97987  0.964582
1.15836e-08  0.97958  0.964642
1.14829e-08  0.979287  0.964706
1.13864e-08  0.978992  0.964774
1.12942e-08  0.978695  0.964846
1.12061e-08  0.978396  0.964921
1.11218e-08  0.978096  0.965
1.10414e-08  0.977794  0.965082
1.09646e-08  0.97749  0.965168
1.08914e-08  0.977185  0.965258
1.08216e-08  0.976878  0.965351
1.07552e-08  0.976571  0.965447
1.0692e-08  0.976262  0.965546
1.06321e-08  0.975952  0.965649
1.05752e-08  0.975641  0.965755
1.05214e-08  0.975329  0.965864
1.04705e-08  0.975017  0.965976
1.04226e-08  0.974704  0.966091
1.03774e-08  0.974391  0.966209
1.0335e-08  0.974078  0.966331
1.02953e-08  0.973764  0.966455
1.02583e-08  0.973451  0.966582
1.02239e-08  0.973137  0.966712
1.01921e-08  0.972824  0.966845
1.01628e-08  0.972512  0.96698
1.01361e-08  0.9722  0.967118
1.01118e-08  0.971889  0.967259
1.009e-08  0.971578  0.967403
1.00705e-08  0.971269  0.967549
1.00535e-08  0.970961  0.967698
1.00389e-08  0.970655  0.967849
1.00266e-08  0.97035  0.968003
1.00166e-08  0.970047  0.968159
1.0009e-08  0.969745  0.968318
1.00037e-08  0.969446  0.968479
1.00007e-08  0.969149  0.968643
1e-08  0.968854  0.968808
1.00017e-08  0.968561  0.968977
1.00057e-08  0.968272  0.969147
1.00119e-08  0.967985  0.969319
1.00205e-08  0.967701  0.969494
1.00315e-08  0.96742  0.969671
1.00448e-08  0.967142  0.96985
1.00604e-08  0.966868  0.970031
1.00785e-08  0.966598  0.970214
1.00989e-08  0.966331  0.970399
1.01218e-08  0.966068  0.970585
1.01471e-08  0.965809  0.970774
1.0175e-08  0.965554  0.970965
1.02053e-08  0.965304  0.971157
1.02382e-08  0.965058  0.971352
1.02737e-08  0.964817  0.971548
1.03118e-08  0.96458  0.971746
1.03527e-08  0.964349  0.971945
1.03962e-08  0.964122  0.972146
1.04426e-08  0.963901  0.972349
1.04918e-08  0.963685  0.972554
1.05439e-08  0.963475  0.97276
1.0599e-08  0.96327  0.972967
1.06572e-08  0.963071  0.973176
1.07184e-08  0.962877  0.973387
1.0783e-08  0.96269  0.973599
1.08508e-08  0.962509  0.973813
1.0922e-08  0.962334  0.974028
1.09967e-08  0.962166  0.974244
1.10751e-08  0.962004  0.974462
1.11571e-08  0.961849  0.974681
1.1243e-08  0.961701  0.974901
1.13329e-08  0.961559  0.975123
1.14269e-08  0.961424  0.975347
1.15251e-08  0.961297  0.975571
1.16278e-08  0.961177  0.975797
1.1735e-08  0.961064  0.976024
1.1847e-08  0.960959  0.976253
1.1964e-08  0.960861  0.976483
1.20861e-08  0.960771  0.976714
1.22136e-08  0.960689  0.976946
1.23467e-08  0.960615  0.97718
1.24856e-08  0.960549  0.977416
1.26307e-08  0.960492  0.977653
1.27821e-08  0.960442  0.977891
1.29403e-08  0.960401  0.978131
1.31055e-08  0.960369  0.978372
1.32781e-08  0.960346  0.978615
1.34584e-08  0.960331  0.97886
1.36469e-08  0.960326  0.979107
1.3844e-08  0.96033  0.979355
1.40502e-08  0.960343  0.979606
1.4266e-08  0.960366  0.979859
1.44919e-08  0.960399  0.980114
1.47285e-08  0.960441  0.980371
1.49765e-08  0.960494  0.980631
1.52366e-08  0.960557  0.980894
1.55095e-08  0.960631  0.981159
1.57962e-08  0.960716  0.981428
1.60973e-08  0.960813  0.981701
1.64141e-08  0.96092  0.981977
1.67476e-08  0.96104  0.982257
1.70989e-08  0.961172  0.982542
1.74694e-08  0.961317  0.982831
1.78605e-08  0.961475  0.983126
1.82738e-08  0.961647  0.983427
1.87112e-08  0.961833  0.983734
1.91746e-08  0.962034  0.984049
1.96662e-08  0.962251  0.984371
2.01884e-08  0.962485  0.984701
2.07441e-08  0.962736  0.985041
2.13362e-08  0.963005  0.985392
2.19684e-08  0.963295  0.985755
2.26446e-08  0.963605  0.98613
2.33694e-08  0.963938  0.98652
2.41478e-08  0.964296  0.986927
2.49859e-08  0.96468  0.987352
2.58904e-08  0.965094  0.987799
2.68693e-08  0.965539  0.988269
2.79319e-08  0.966019  0.988765
2.9089e-08  0.966538  0.989293
3.03534e-08  0.967101  0.989856
3.17404e-08  0.967713  0.990459
3.32683e-08  0.96838  0.99111
3.49592e-08  0.969112  0.991816
3.68402e-08  0.969917  0.992586
3.89446e-08  0.970808  0.993434
4.13142e-08  0.9718  0.994372
4.40016e-08  0.972912  0.995422
4.70746e-08  0.974171  0.996606
5.06217e-08  0.975707  0.998053
5.47605e-08  0.967725  0.988375
5.96514e-08  0.609122  0.546994
0.00029266  0.604754  0.535666
0.0126596  0.162264  0.0894087
