0 0.95
0.190099540625 0.949963815518
0.38019908125 0.94985833957
0.570298621875 0.949684740803
0.7603981625 0.949444771896
0.950497703125 0.949140744067
1.14059724375 0.948775251779
1.33069678438 0.94835068739
1.520796325 0.947867620013
1.71089586563 0.947323224015
1.90099540625 0.946714531621
2.09109494688 0.946028547003
2.2811944875 0.945113845178
2.47129402813 0.944011530649
2.66139356875 0.942894491558
2.85149310938 0.941831554075
3.04159265 0.940838773219
3.23169219062 0.940009454609
3.42179173125 0.939205227517
3.61189127187 0.93846412453
3.8019908125 0.937798592013
3.99209035312 0.93717352292
4.18218989375 0.936604461867
4.37228943437 0.936096275927
4.562388975 0.935636825771
4.75248851562 0.935212216745
4.94258805625 0.934832480176
5.13268759687 0.934497484101
5.3227871375 0.934191656064
5.51288667812 0.933939813188
5.70298621875 0.933712404588
5.89308575937 0.933509810161
6.0831853 0.933323688323
6.27328484062 0.933149851039
6.46338438125 0.932989633969
6.65348392187 0.932845746346
6.8435834625 0.932716374081
7.03368300312 0.93258815714
7.22378254375 0.932462890517
7.41388208437 0.932341021779
7.603981625 0.932223450405
7.79408116562 0.932110114835
7.98418070625 0.932001108619
8.17428024687 0.931904588667
8.3643797875 0.931813161151
8.55447932812 0.931723711565
8.74457886875 0.931636317468
8.93467840938 0.931551032808
9.12477795 0.931467879765
9.31487749063 0.931388062385
9.50497703125 0.931311745129
9.69507657188 0.93123787793
9.8851761125 0.931166859659
10.0752756531 0.931100584084
10.2653751938 0.931036772181
10.4554747344 0.930974946971
10.645574275 0.930914767854
10.8356738156 0.930852804642
11.0257733563 0.93080895243
11.2158728969 0.930772278318
11.4059724375 0.930738091927
11.5960719781 0.930702982117
11.7861715188 0.930668860749
11.9762710594 0.930634525795
12.1663706 0.930599863977
12.3564701406 0.930565642766
12.5465696813 0.930531382701
12.7366692219 0.930497166219
12.9267687625 0.930462646241
13.1168683031 0.930428633142
13.3069678438 0.930394960791
13.4970673844 0.930360793086
13.687166925 0.930327658712
13.8772664656 0.930293910214
14.0673660063 0.930262067468
14.2574655469 0.930229936079
14.4475650875 0.930197627038
14.6376646281 0.930166147078
14.8277641688 0.930133861458
15.0178637094 0.930105234194
15.20796325 0.930058485582
15.3980627906 0.929934832678
15.5881623313 0.929732772958
15.7782618719 0.929448947878
15.9683614125 0.929076527291
16.1584609531 0.928601721172
16.3485604938 0.927999240365
16.5386600344 0.927230859513
16.728759575 0.926259093036
16.9188591156 0.925076762991
17.1089586563 0.92373141085
17.2990581969 0.922301583677
17.4891577375 0.920828590847
17.6792572781 0.919252713372
17.8693568188 0.917737739957
18.0594563594 0.916338126052
18.2495559 0.915159511579
18.4396554406 0.914382514062
18.6297549813 0.913750254132
18.8198545219 0.913222526633
19.0099540625 0.91277797605
19.2000536031 0.912284291041
19.3901531438 0.911856371462
19.5802526844 0.911471502874
19.770352225 0.911166644552
19.9604517656 0.9108613613
20.1505513063 0.91057274128
20.3406508469 0.910317892312
20.5307503875 0.910122763683
20.7208499281 0.90997423107
20.9109494688 0.909832460262
21.1010490094 0.909674580855
21.29114855 0.909521119134
21.4812480906 0.909385526083
21.6713476312 0.909285569013
21.8614471719 0.909192608923
22.0515467125 0.909116399864
22.2416462531 0.909054510761
22.4317457937 0.908981427834
22.6218453344 0.908911398105
22.811944875 0.908833010596
23.0020444156 0.908741715962
23.1921439562 0.908644564962
23.3822434969 0.908551330553
23.5723430375 0.908455939987
23.7624425781 0.908359247622
23.9525421187 0.908261437842
24.1426416594 0.908163140476
24.3327412 0.908089464164
24.5228407406 0.908018205233
24.7129402812 0.907947166503
24.9030398219 0.907879788241
25.0931393625 0.907812272861
25.2832389031 0.907750484968
25.4733384437 0.907690929139
25.6634379844 0.907633970971
25.853537525 0.907577231439
26.0436370656 0.907519900114
26.2337366062 0.907462796867
26.4238361469 0.907406257745
26.6139356875 0.907350411641
26.8040352281 0.90729479296
26.9941347687 0.907239109495
27.1842343094 0.907184070864
27.37433385 0.907129604102
27.5644333906 0.907075334604
27.7545329312 0.907021222399
27.9446324719 0.90696798458
28.1347320125 0.906914935429
28.3248315531 0.906862243421
28.5149310937 0.90680997401
28.7050306344 0.906758840794
28.895130175 0.906708270815
29.0852297156 0.906657969596
29.2753292562 0.906607680897
29.4654287969 0.906557800441
29.6555283375 0.906508425618
29.8456278781 0.906458690812
30.0357274187 0.906416431729
30.2258269594 0.906367205138
30.4159265 0.906247803035
30.6060260406 0.9060564514
30.7961255812 0.905789512033
30.9862251219 0.905439944095
31.1763246625 0.904993541985
31.3664242031 0.904424323803
31.5565237437 0.903689226593
31.7466232844 0.902730103787
31.936722825 0.901499578816
32.1268223656 0.899994262392
32.3169219062 0.898279286468
32.5070214469 0.896443936673
32.6971209875 0.894595125025
32.8872205281 0.892804659372
33.0773200687 0.891060536073
33.2674196094 0.88942885923
33.45751915 0.888081148554
33.6476186906 0.886992051654
33.8377182312 0.886114961613
34.0278177719 0.885395457164
34.2179173125 0.884798380175
34.4080168531 0.884224969789
34.5981163937 0.883751306576
34.7882159344 0.88329094718
34.978315475 0.882899319629
35.1684150156 0.882532725779
35.3585145562 0.882219902248
35.5486140969 0.881936618365
35.7387136375 0.881698150438
35.9288131781 0.881430140319
36.1189127187 0.881134188951
36.3090122594 0.880851055213
36.4991118 0.880583257569
36.6892113406 0.88032168477
36.8793108813 0.88006840922
37.0694104219 0.879816214095
37.2595099625 0.879576233359
37.4496095031 0.879345045093
37.6397090438 0.879115215739
37.8298085844 0.878882697178
38.019908125 0.878648295335
38.2100076656 0.878415599802
38.4001072063 0.878186982396
38.5902067469 0.877968170047
38.7803062875 0.877752269084
38.9704058281 0.877539458792
39.1605053688 0.877329120527
39.3506049094 0.877121545378
39.54070445 0.876916692475
39.7308039906 0.876714717175
39.9209035313 0.876515631605
40.1110030719 0.876319311308
40.3011026125 0.876125163106
40.4912021531 0.875931821208
40.6813016938 0.875742950154
40.8714012344 0.875556193118
41.061500775 0.875369522792
41.2516003156 0.875180373888
41.4416998563 0.874996366976
41.6317993969 0.87481599598
41.8218989375 0.874640158195
42.0119984781 0.874466814167
42.2020980188 0.87429549682
42.3921975594 0.874126066231
42.5822971 0.873958325475
42.7723966406 0.873791858783
42.9624961813 0.873626458148
43.1525957219 0.873461906407
43.3426952625 0.873298176822
43.5327948031 0.873135298097
43.7228943438 0.872973339796
43.9129938844 0.872812246525
44.103093425 0.872652133541
44.2931929656 0.872493172858
44.4832925063 0.872334460087
44.6733920469 0.87217603644
44.8634915875 0.872018620055
45.0535911281 0.871903124881
45.2436906688 0.871861325821
45.4337902094 0.871768364419
45.62388975 0.871623652842
45.8139892906 0.871426102158
46.0040888313 0.87117384137
46.1941883719 0.870862367151
46.3842879125 0.870483186461
46.5743874531 0.870020012192
46.7644869938 0.869443634009
46.9545865344 0.86871165759
47.144686075 0.867777755166
47.3347856156 0.866614772905
47.5248851563 0.86523447801
47.7149846969 0.863690892972
47.9050842375 0.862048956551
48.0951837781 0.860389434034
48.2852833188 0.858788598734
48.4753828594 0.857324651511
48.6654824 0.856031632023
48.8555819406 0.854943247211
49.0456814813 0.854150985722
49.2357810219 0.853497501094
49.4258805625 0.852989594455
49.6159801031 0.852560081544
49.8060796438 0.852287047324
49.9961791844 0.852062238743
50.186278725 0.851853505742
50.3763782656 0.851696073611
50.5664778063 0.851549843191
50.7565773469 0.851389295398
50.9466768875 0.85124530041
51.1367764281 0.851106839553
51.3268759688 0.850973324531
51.5169755094 0.850846105076
51.70707505 0.850736487697
51.8971745906 0.850622890287
52.0872741313 0.850504748911
52.2773736719 0.850386726669
52.4674732125 0.850273794396
52.6575727531 0.850172422848
52.8476722938 0.850076763239
53.0377718344 0.849986195611
53.227871375 0.849902270472
53.4179709156 0.849825073331
53.6080704563 0.849752348229
53.7981699969 0.849681923894
53.9882695375 0.849620429794
54.1783690781 0.849564728999
54.3684686188 0.849510445591
54.5585681594 0.849457453895
54.7486677 0.84940620735
54.9387672407 0.84935806763
55.1288667813 0.849312431222
55.3189663219 0.849268601293
55.5090658625 0.849226308243
55.6991654032 0.849185288954
55.8892649438 0.849145083403
56.0793644844 0.849105579256
56.269464025 0.849071864557
56.4595635657 0.849040342262
56.6496631063 0.849009269581
56.8397626469 0.84897895652
57.0298621875 0.848949083798
57.2199617282 0.848919842351
57.4100612688 0.848890944373
57.6001608094 0.848862929214
57.79026035 0.848835991506
57.9803598907 0.848809180345
58.1704594313 0.848783148505
58.3605589719 0.84875780292
58.5506585125 0.848732357749
58.7407580532 0.848707175761
58.9308575938 0.848682260186
59.1209571344 0.848657686391
59.311056675 0.848633886496
59.5011562157 0.848610222876
59.6912557563 0.848586816375
59.8813552969 0.848563670705
60.0714548375 0.848545683273
60.2615543782 0.848505411879
60.4516539188 0.848424930165
60.6417534594 0.848302877897
60.831853 0.848138404087
61.0219525407 0.847930952657
61.2120520813 0.847678890795
61.4021516219 0.847378486595
61.5922511625 0.847022977297
61.7823507032 0.846600209374
61.9724502438 0.846091722103
62.1625497844 0.84547187906
62.352649325 0.844717821759
62.5427488657 0.843819453673
62.7328484063 0.842786009698
62.9229479469 0.84163849341
63.1130474875 0.840420943163
63.3031470282 0.839189551286
63.4932465688 0.837995804747
63.6833461094 0.836886164138
63.87344565 0.835904037251
64.0635451907 0.835083706386
64.2536447313 0.834445019287
64.4437442719 0.833992607342
64.6338438125 0.833694991089
64.8239433532 0.833456352863
65.0140428938 0.833253854046
65.2041424344 0.833053678896
65.394241975 0.832851591408
65.5843415157 0.832662098373
65.7744410563 0.832480662905
65.9645405969 0.83230005515
66.1546401375 0.832125401778
66.3447396782 0.831972405682
66.5348392188 0.831814562234
66.7249387594 0.831650506336
66.9150383 0.83148548625
67.1051378407 0.831329725346
67.2952373813 0.831185502452
67.4853369219 0.831050355752
67.6754364625 0.83092202316
67.8655360032 0.830798587827
68.0556355438 0.830678068817
68.2457350844 0.830559149844
68.435834625 0.830454852261
68.6259341657 0.830352778316
68.8160337063 0.83025324646
69.0061332469 0.83015713274
69.1962327875 0.830063733971
69.3863323281 0.829972101932
69.5764318688 0.82988216991
69.7665314094 0.82979333223
69.95663095 0.829705241371
70.1467304906 0.829626900435
70.3368300313 0.829550995174
70.5269295719 0.8294760504
70.7170291125 0.82940212734
70.9071286531 0.829329099273
71.0972281938 0.829256979705
71.2873277344 0.829185730048
71.477427275 0.829116015589
71.6675268156 0.829047098454
71.8576263563 0.828979060143
72.0477258969 0.828911895374
72.2378254375 0.828845086474
72.4279249781 0.828778937461
72.6180245188 0.82871327992
72.8081240594 0.82864920166
72.9982236 0.828589041399
73.1883231406 0.828529089536
73.3784226813 0.828469751366
73.5685222219 0.828411078318
73.7586217625 0.828352686921
73.9487213031 0.828294645865
74.1388208438 0.82823709091
74.3289203844 0.828180041916
74.519019925 0.828123626485
74.7091194656 0.82806788423
74.8992190063 0.828012595133
