    1000   0    
   794.328   1    
   630.957   1    
   501.187   3    
   398.107   4     
  316.228   7     
  251.189   15    
   199.526   32     
  158.489   69     
  125.893   131    
   100   222    
   79.4328   338     
  63.0957   501    
   50.1187   687     
  39.8107   908     
  31.6228   1249    
   25.1189   1796    
  19.9526   2578    
   15.8489   4122     
  12.5893   7000     
  10   12677     
  7.94328   23062    
  6.30957   41704    
   5.01187   73929    
   3.98107   126569    
   3.16228   206299     
  2.51189   322599     
  1.99526   485949     
  1.58489   711089     
  1.25893   1015599    
   1   1.60962e+6    
   0.794328   2.55107e+6     
  0.630957   4.04317e+6    
   0.501187   6.408e+6     
  0.398107   1.0156e+7     
  0.316228   1.60962e+7     
  0.251189   2.55107e+7     
  0.199526   4.04317e+7     
  0.158489   6.408e+7     
  0.125893   1.0156e+8     
  0.1   1.60962e+8     
  0.0794328   2.55107e+8    
   0.0630957   4.04317e+8    
   0.0501187   6.408e+8     
  0.0398107   1.0156e+9     
  0.0316228   1.77233e+9    
   0.0251189   3.22511e+9    
   0.0199526   5.86874e+9     
  0.0158489   1.06794e+10     
  0.0125893   1.94332e+10     
  0.01   3.53627e+10     
  0.00794328   6.43495e+10     
  0.00630957    1.17097e+11     
  0.00501187   2.13081e+11     
  0.00398107   3.87744e+11     
  0.00316228   7.05578e+11     
  0.00251189   1.28394e+12     
  0.00199526   2.33639e+12     
  0.00158489   4.25153e+12     
  0.00125893   7.73651e+12     
  0.001   1.40781e+13     
  0.000794328   2.5618e+13     
  0.000630957   4.66171e+13     
  0.000501187   8.48291e+13     
  0.000398107   1.54364e+14     
  0.000316228   2.80896e+14     
  0.000251189   5.11146e+14    
   0.000199526   9.30133e+14    
   0.000158489   1.69256e+15     
  0.000125893   3.07996e+15     
  0.0001   5.60461e+15    
   0.0000794328   1.01987e+16     
  0.0000630957   1.85586e+16    
   0.0000501187   3.37711e+16     
  0.0000398107   6.14533e+16     
  0.0000316228   1.11827e+17     
  0.0000251189   2.03491e+17     
  0.0000199526   3.70293e+17     
  0.0000158489   6.73822e+17     
  0.0000125893   1.22615e+18     
  0.00001   2.23123e+18    